100
8873129
5103067
9999163
6697461
8603593
4572049
9999973
8248729
4936439
9682616
1281246
10
4
140839
2044523
11
1
9
8763892
2
7783893
3929879
9999930
2896297
928009
3702389
9971849
7203246
8291470
2360890
7
4751053
390548
9516811
9999996
3910981
1862603
12
9999998
8184167
4461643
6716541
1264969
4461642
4046177
8460583
8697851
4170220
9325574
2196613
2295773
9999972
3
5331653
3877633
559513
9999929
1507483
86293
3323191
6865010
13
9299449
1403870
9999161
10000000
1221469
6735763
3191803
2610613
6
615403
9999162
6537523
9999971
3132736
7762723
5001361
5462959
592432
2872729
3023326
9999997
5388168
9987391
9999995
7742461
9999931
9010879
9999991
5
3410821
7551991
1144
1481717
9309119
4461641
5094841
8
9999999
