0. 26.050341, 0.000000
1. 26.198423, 0.000000
2. 26.496204, 0.000000
3. 26.571182, 0.000000
4. 26.675594, 0.000000
5. 26.438334, 0.000000
6. 26.738066, 0.000000
7. 26.672052, 0.000000
8. 26.788683, 0.000000
9. 40.036243, 0.000000
10. 26.715315, 0.000000
11. 26.641642, 0.000000
12. 26.749456, 0.000000
13. 26.941692, 0.000000
14. 27.164591, 0.000000
15. 42.126186, 0.000000
16. 27.214626, 0.000000
17. 27.250795, 0.000000
18. 39.940750, 0.000000
19. 27.208731, 0.000000
20. 26.988008, 0.000000
21. 27.219788, 0.000000
22. 27.193266, 0.000000
23. 27.129383, 0.000000
24. 26.982935, 0.000000
25. 26.639523, 0.000000
26. 25.893909, 0.000000
27. 26.009878, 0.000000
28. 42.032780, 0.000000
29. 25.982971, 0.000000
30. 25.829338, 0.000000
31. 25.860584, 0.000000
32. 39.578869, 0.000000
33. 26.420952, 0.000000
34. 40.406578, 0.000000
35. 26.150692, 0.000000
36. 25.942717, 0.000000
37. 39.882088, 0.000000
38. 26.032118, 0.000000
39. 26.280659, 0.000000
40. 39.515045, 0.000000
41. 26.003819, 0.000000
42. 26.161587, 0.000000
43. 25.868574, 0.000000
44. 25.508011, 0.000000
45. 25.668980, 0.000000
46. 25.430534, 0.000000
47. 38.193172, 0.000000
48. 26.025373, 0.000000
49. 26.247704, 0.000000
50. 38.376987, 0.000000
51. 25.826681, 0.000000
52. 25.897245, 0.000000
53. 25.932005, 0.000000
54. 39.666374, 0.000000
55. 26.045614, 0.000000
56. 25.681446, 0.000000
57. 37.473782, 0.000000
58. 25.748579, 0.000000
59. 25.812748, 0.000000
60. 26.041563, 0.000000
61. 26.089575, 0.000000
62. 39.688309, 0.000000
63. 26.240162, 0.000000
64. 25.812084, 0.000000
65. 25.876570, 0.000000
66. 38.742512, 0.000000
67. 25.718260, 0.000000
68. 25.726822, 0.000000
69. 25.782278, 0.000000
70. 25.487951, 0.000000
71. 38.081703, 0.000000
72. 25.624462, 0.000000
73. 25.393255, 0.000000
74. 25.526806, 0.000000
75. 37.056377, 0.000000
76. 25.712337, 0.000000
77. 25.865910, 0.000000
78. 37.866413, 0.000000
79. 25.867243, 0.000000
80. 26.026049, 0.000000
81. 25.954111, 0.000000
82. 38.715641, 0.000000
83. 26.642347, 0.000000
84. 26.393883, 0.000000
85. 41.390358, 0.000000
86. 26.552223, 0.000000
87. 26.214146, 0.000000
88. 40.429340, 0.000000
89. 26.734509, 0.000000
90. 39.105930, 0.000000
91. 26.046289, 0.000000
92. 26.203207, 0.000000
93. 41.988865, 0.000000
94. 26.386259, 0.000000
95. 26.253876, 0.000000
96. 40.273762, 0.000000
97. 25.952770, 0.000000
98. 25.749239, 0.000000
99. 25.567732, 0.000000
100. 25.574890, 0.000000
101. 26.066563, 0.000000
102. 39.493301, 0.000000
103. 25.923975, 0.000000
104. 25.867908, 0.000000
105. 38.571468, 0.000000
106. 26.374483, 0.000000
107. 26.037514, 0.000000
108. 38.315521, 0.000000
109. 25.925982, 0.000000
110. 26.210726, 0.000000
111. 26.371714, 0.000000
112. 26.119419, 0.000000
113. 26.242218, 0.000000
114. 25.915281, 0.000000
115. 26.086866, 0.000000
116. 25.977598, 0.000000
117. 25.743301, 0.000000
118. 38.388718, 0.000000
119. 25.422169, 0.000000
120. 25.718260, 0.000000
121. 25.483427, 0.000000
122. 38.018299, 0.000000
123. 25.622503, 0.000000
124. 25.643429, 0.000000
125. 25.502184, 0.000000
126. 25.680790, 0.000000
127. 40.866772, 0.000000
128. 25.718260, 0.000000
129. 25.663734, 0.000000
130. 25.500891, 0.000000
131. 40.356266, 0.000000
132. 25.651941, 0.000000
133. 25.415739, 0.000000
134. 25.437616, 0.000000
135. 25.540434, 0.000000
136. 25.696554, 0.000000
137. 37.592964, 0.000000
138. 25.422813, 0.000000
139. 25.477610, 0.000000
140. 37.849297, 0.000000
141. 25.810095, 0.000000
142. 25.874571, 0.000000
143. 25.289072, 0.000000
144. 25.632961, 0.000000
145. 25.625771, 0.000000
146. 40.617302, 0.000000
147. 25.931335, 0.000000
148. 25.843290, 0.000000
149. 41.706497, 0.000000
150. 25.936689, 0.000000
151. 26.080095, 0.000000
152. 26.107880, 0.000000
153. 25.958134, 0.000000
154. 25.955452, 0.000000
155. 25.896578, 0.000000
156. 41.286606, 0.000000
157. 26.368946, 0.000000
158. 26.042238, 0.000000
159. 26.353729, 0.000000
160. 26.389030, 0.000000
161. 26.601435, 0.000000
162. 26.427208, 0.000000
163. 26.290974, 0.000000
164. 39.165382, 0.000000
165. 26.098387, 0.000000
166. 26.414007, 0.000000
167. 25.980284, 0.000000
168. 26.100420, 0.000000
169. 25.999783, 0.000000
170. 26.030094, 0.000000
171. 39.471581, 0.000000
172. 26.143887, 0.000000
173. 25.963501, 0.000000
174. 39.462276, 0.000000
175. 25.979612, 0.000000
176. 26.091608, 0.000000
177. 40.333584, 0.000000
178. 26.258678, 0.000000
179. 25.124020, 0.000000
180. 24.627649, 0.000000
181. 25.314560, 0.000000
182. 24.991531, 0.000000
183. 37.859280, 0.000000
184. 25.229380, 0.000000
185. 25.249035, 0.000000
186. 25.243959, 0.000000
187. 40.333584, 0.000000
188. 228.915375, 0.000000
189. 27.765146, 0.000000
190. 28.087265, 0.000000
191. 25.111462, 0.000000
192. 24.872742, 0.000000
193. 27.991016, 0.000000
194. 35.483295, 0.000000
195. 25.020784, 0.000000
196. 37.980930, 0.000000
197. 25.269991, 0.000000
198. 37.406811, 0.000000
199. 25.509308, 0.000000
200. 39.136395, 0.000000
201. 25.425386, 0.000000
202. 25.422813, 0.000000
203. 41.283215, 0.000000
204. 25.705759, 0.000000
205. 26.080772, 0.000000
206. 26.110594, 0.000000
207. 26.159542, 0.000000
208. 25.720236, 0.000000
209. 37.659191, 0.000000
210. 25.450504, 0.000000
211. 25.350967, 0.000000
212. 36.826828, 0.000000
213. 25.783600, 0.000000
214. 25.709705, 0.000000
215. 25.957462, 0.000000
216. 26.323349, 0.000000
217. 26.250446, 0.000000
218. 26.350273, 0.000000
219. 26.407064, 0.000000
220. 26.436943, 0.000000
221. 26.590874, 0.000000
222. 26.444597, 0.000000
223. 26.412617, 0.000000
224. 26.299232, 0.000000
225. 26.192961, 0.000000
226. 26.255934, 0.000000
227. 40.622227, 0.000000
228. 26.253876, 0.000000
229. 38.623363, 0.000000
230. 25.836643, 0.000000
231. 26.013918, 0.000000
232. 40.320633, 0.000000
233. 26.285471, 0.000000
234. 40.023487, 0.000000
235. 25.993729, 0.000000
236. 25.553425, 0.000000
237. 37.929314, 0.000000
238. 25.225578, 0.000000
239. 25.666357, 0.000000
240. 25.810095, 0.000000
241. 41.455254, 0.000000
242. 26.158861, 0.000000
243. 38.284859, 0.000000
244. 25.778969, 0.000000
245. 25.715628, 0.000000
246. 38.008232, 0.000000
247. 25.594435, 0.000000
248. 25.977598, 0.000000
249. 25.366329, 0.000000
250. 26.152052, 0.000000
251. 43.569366, 0.000000
252. 224.918198, 0.000000
253. 44.763180, 0.000000
254. 36.744671, 0.000000
255. 41.814114, 0.000000
256. 46.001080, 0.000000
257. 46.535877, 10.437052
258. 46.079140, 17.148983
259. 46.340553, 26.143791
260. 47.391960, 30.303032
261. 50.676361, 35.087719
262. 53.553093, 38.507824
263. 56.536469, 41.025642
264. 58.775570, 44.723972
265. 60.557507, 48.484852
266. 62.257378, 50.673004
267. 63.205181, 54.421772
268. 63.324692, 58.608059
269. 63.528900, 60.952381
270. 63.376621, 62.196308
271. 63.557034, 68.817207
272. 64.071777, 68.595932
273. 63.884377, 72.810013
274. 64.297295, 74.853806
275. 63.843781, 76.738609
276. 63.949436, 81.115341
277. 63.706142, 82.368088
278. 63.589214, 85.333336
279. 63.105934, 84.656090
280. 63.532917, 90.395485
281. 62.920189, 86.720871
282. 63.062363, 93.567253
283. 62.311436, 92.352097
284. 61.931183, 97.412483
285. 62.481937, 97.859329
286. 61.544231, 101.105850
287. 62.068916, 101.587303
288. 61.555542, 102.564102
289. 61.143475, 105.090317
290. 60.998699, 104.575165
291. 61.102570, 107.202682
292. 60.495518, 106.666672
293. 60.766273, 113.475182
294. 60.502804, 112.280708
295. 60.615963, 108.843544
296. 60.321178, 115.315315
297. 60.342918, 114.695343
298. 59.690445, 115.942032
299. 60.266903, 118.518524
300. 59.733028, 117.863724
301. 59.676262, 120.527313
302. 59.832634, 125.490196
303. 59.850452, 120.527313
304. 59.394039, 119.180634
305. 60.032837, 128.514053
306. 59.669174, 124.756340
307. 60.004154, 124.031013
308. 60.137043, 128.514053
309. 60.263290, 130.081299
310. 60.850922, 125.490196
311. 60.769947, 132.505173
312. 61.627281, 130.081299
313. 61.536690, 128.514053
314. 61.999973, 130.879349
315. 61.877785, 135.881104
316. 62.485825, 133.333344
317. 62.435345, 135.881104
318. 63.332676, 131.687241
319. 63.193256, 131.687241
320. 63.819447, 135.881104
321. 63.742519, 138.528137
322. 64.379700, 136.752136
323. 64.392075, 138.528137
324. 65.122475, 141.280365
325. 64.454041, 137.634415
326. 65.114037, 135.021103
327. 64.235634, 138.528137
328. 64.665611, 141.280365
329. 64.987679, 137.634415
330. 65.080292, 137.634415
331. 65.152039, 139.433548
332. 65.249352, 143.176743
333. 64.732269, 140.350876
334. 65.470451, 139.433548
335. 65.491791, 137.634415
336. 64.765656, 140.350876
337. 65.092941, 143.176743
338. 65.329964, 141.280365
339. 65.543060, 139.433548
340. 65.177399, 140.350876
341. 65.236641, 143.176743
342. 65.796303, 147.126434
343. 65.577286, 144.144150
344. 65.321472, 139.433548
345. 65.253593, 139.433548
346. 65.628685, 143.176743
347. 65.283272, 144.144150
348. 66.391960, 143.176743
349. 65.046585, 136.752136
350. 65.500328, 144.144150
351. 65.809235, 143.176743
352. 65.402260, 144.144150
353. 65.338463, 139.433548
354. 65.504601, 141.280365
355. 65.257828, 142.222229
356. 65.809235, 145.124725
357. 62.353973, 140.350876
358. 61.069145, 138.528137
359. 59.337914, 133.333344
360. 58.450729, 133.333344
361. 57.196262, 132.505173
362. 56.520565, 128.514053
363. 55.631760, 127.744514
364. 55.070683, 130.879349
365. 54.077698, 126.984131
366. 53.541676, 124.031013
367. 52.963078, 124.031013
368. 52.320450, 121.212128
369. 51.624168, 120.527313
370. 51.083462, 118.518524
371. 50.308426, 116.575592
372. 49.834312, 114.082001
373. 48.779411, 113.475182
374. 48.254627, 108.291039
375. 47.293804, 104.065041
376. 46.032692, 104.065041
377. 44.673615, 96.969704
378. 42.294655, 93.979446
379. 40.130596, 90.014069
380. 39.497959, 89.260811
381. 37.654957, 83.333336
382. 36.520287, 83.333336
383. 67.552582, 77.294685
384. 33.809254, 73.817764
385. 53.860275, 73.059364
386. 31.639414, 67.940552
387. 49.762733, 68.376068
388. 30.078423, 63.116371
389. 47.376316, 62.015507
390. 29.204126, 61.302685
391. 44.448307, 60.952381
392. 27.936535, 55.124893
393. 27.960636, 57.041000
394. 27.882265, 55.124893
395. 27.235283, 52.805283
396. 40.323872, 52.416054
397. 26.956871, 50.673004
398. 26.823729, 50.673004
399. 27.132313, 50.314468
400. 29.645321, 54.283291
401. 31.073812, 51.779938
402. 28.384031, 47.093452
403. 27.251534, 44.912281
404. 32.619381, 51.405624
405. 55.076721, 47.197643
406. 35.276485, 46.477852
407. 38.423954, 47.832588
408. 39.307884, 47.832588
409. 38.800865, 45.977013
410. 39.990032, 47.197643
411. 40.697922, 47.407410
412. 41.129425, 47.725578
413. 40.617302, 46.076317
414. 41.587383, 47.512993
415. 41.251007, 46.579330
416. 42.050373, 46.176048
417. 42.768158, 45.878139
418. 43.586376, 45.878139
419. 43.414986, 47.407410
420. 44.199970, 47.725578
421. 44.807098, 46.376812
422. 45.816479, 49.382717
423. 47.041370, 49.268669
424. 48.086033, 49.612404
425. 48.548420, 50.433414
426. 49.000660, 51.405624
427. 48.585983, 51.654560
428. 48.967228, 50.314468
429. 49.248055, 49.612404
430. 49.906097, 52.936314
431. 51.008255, 56.288479
432. 51.383907, 55.124893
433. 51.751804, 56.888889
434. 52.165604, 57.347672
435. 52.751736, 58.931862
436. 53.753654, 61.302685
437. 54.420406, 63.681595
438. 54.902161, 66.252586
439. 56.279945, 68.376068
440. 56.628880, 68.817207
441. 57.179989, 71.829407
442. 57.471088, 73.310425
443. 57.202778, 72.562363
444. 57.576481, 77.858887
445. 56.635262, 75.117371
446. 57.271252, 78.431374
447. 56.533287, 79.306076
448. 56.517387, 82.051285
449. 55.228100, 83.989502
450. 54.842224, 83.660133
451. 54.992313, 84.321480
452. 54.639416, 84.321480
453. 50.974609, 84.321480
454. 48.666000, 81.736916
455. 45.806034, 80.200500
456. 43.734364, 75.650124
457. 42.205822, 75.117371
458. 40.880074, 72.316383
459. 38.497570, 67.297585
460. 36.345894, 63.872257
461. 35.262867, 59.424328
462. 33.110649, 55.124893
463. 31.273058, 53.200333
464. 30.174177, 49.612404
465. 28.307259, 42.838020
466. 42.278637, 39.950062
467. 26.162268, 35.087719
468. 25.820707, 59.590317
469. 25.078241, 26.970081
470. 22.217766, 22.988506
471. 215.510422, 40.404041
472. 213.178345, 15.380919
473. 25.755840, 22.963760
474. 223.815903, 12.743927
475. 26.736643, 12.743927
476. 23.643562, 12.743927
477. 24.133108, 12.743927
478. 224.215485, 12.743927
479. 27.934982, 12.743927
480. 24.913448, 12.743927
481. 38.037010, 12.743927
482. 25.467922, 12.743927
483. 25.888571, 12.743927
484. 26.206625, 12.743927
485. 40.130596, 12.743927
486. 27.265585, 12.743927
487. 27.308569, 12.743927
488. 27.439085, 12.743927
489. 27.938866, 12.743927
490. 28.084909, 12.743927
491. 28.076277, 12.743927
492. 28.072355, 12.743927
493. 43.785828, 12.743927
494. 28.136032, 12.743927
495. 28.005842, 12.743927
496. 27.650528, 12.743927
497. 27.917906, 12.743927
498. 42.218235, 12.743927
499. 28.138395, 12.743927
500. 28.276190, 12.743927
501. 28.299286, 12.743927
502. 27.526289, 12.743927
503. 42.112061, 12.743927
504. 27.681763, 12.743927
505. 41.635635, 12.743927
506. 26.766560, 12.743927
507. 48.033157, 4.395001
508. 36.609444, 4.395001
509. 41.580498, 4.395001
510. 45.121010, 8.918618
511. 47.882072, 16.473618
512. 47.994152, 20.833334
513. 48.422073, 29.962547
514. 50.027863, 33.385498
515. 52.084476, 35.734226
516. 54.782417, 40.175770
517. 58.420139, 44.077137
518. 59.637299, 45.779686
519. 61.737099, 48.595295
520. 62.665100, 53.601341
521. 63.589214, 56.437393
522. 63.925022, 58.287796
523. 64.375572, 62.930187
524. 63.969791, 66.047470
525. 64.392075, 68.376068
526. 63.957577, 72.810013
527. 64.223320, 72.562363
528. 63.787033, 78.720787
529. 63.884377, 79.306076
530. 63.754654, 81.736916
531. 63.468704, 86.720871
532. 63.476723, 84.656090
533. 63.288792, 90.780144
534. 62.735535, 89.635857
535. 62.766888, 95.665176
536. 62.134171, 95.238098
537. 61.786457, 98.310295
538. 61.843502, 102.073372
539. 61.020927, 100.628937
540. 61.162083, 104.065041
541. 60.473671, 100.628937
542. 60.342918, 107.744110
543. 59.889698, 108.843544
544. 59.672718, 110.535408
545. 59.110992, 110.535408
546. 59.379997, 111.692848
547. 58.597317, 114.082001
548. 58.665745, 115.315315
549. 58.713741, 112.874786
550. 58.563160, 117.216118
551. 58.882351, 118.518524
552. 57.904995, 119.180634
553. 58.386189, 121.904762
554. 57.894985, 124.031013
555. 58.206917, 119.850189
556. 58.505188, 126.984131
557. 59.243443, 128.514053
558. 59.079712, 120.527313
559. 59.450272, 124.756340
560. 59.601921, 126.232742
561. 60.248833, 124.031013
562. 60.725872, 131.687241
563. 60.887798, 130.081299
564. 61.646187, 132.505173
565. 61.423828, 132.505173
566. 62.388821, 135.021103
567. 62.211117, 132.505173
568. 63.010948, 133.333344
569. 62.680740, 134.171906
570. 63.766792, 139.433548
571. 63.476723, 135.881104
572. 64.231529, 134.171906
573. 64.022781, 135.881104
574. 64.711426, 137.634415
575. 65.143585, 139.433548
576. 64.516121, 137.634415
577. 64.954071, 140.350876
578. 65.232407, 138.528137
579. 65.101379, 143.176743
580. 65.223938, 140.350876
581. 65.097160, 139.433548
582. 65.624397, 135.881104
583. 65.611542, 147.126434
584. 65.848053, 144.144150
585. 65.969109, 142.222229
586. 65.419296, 139.433548
587. 65.436340, 141.280365
588. 66.103661, 144.144150
589. 65.525963, 144.144150
590. 65.607262, 145.124725
591. 65.487518, 139.433548
592. 65.351212, 137.634415
593. 65.346962, 142.222229
594. 65.783379, 144.144150
595. 65.300247, 142.222229
596. 65.440605, 140.350876
597. 65.483253, 140.350876
598. 65.624397, 145.124725
599. 65.611542, 143.176743
600. 65.466187, 135.881104
601. 65.766159, 142.222229
602. 65.457657, 146.118729
603. 65.658707, 144.144150
604. 65.500328, 140.350876
605. 63.681915, 140.350876
606. 61.828281, 138.528137
607. 60.317558, 140.350876
608. 59.344925, 137.634415
609. 58.075699, 133.333344
610. 57.235363, 128.514053
611. 55.739780, 128.514053
612. 54.866184, 123.314072
613. 53.538822, 118.518524
614. 51.738480, 117.216118
615. 50.305908, 114.695343
616. 48.967228, 108.291039
617. 47.204922, 109.401711
618. 45.408550, 102.564102
619. 44.250587, 99.688477
620. 42.414284, 95.665176
621. 41.730751, 93.567253
622. 40.092163, 94.395287
623. 38.860893, 90.014069
624. 37.594372, 86.021507
625. 36.204445, 82.687340
626. 35.793003, 80.808083
627. 35.687477, 82.051285
628. 35.224541, 79.900124
629. 34.936699, 80.808083
630. 34.648743, 79.306076
631. 33.966988, 78.431374
632. 33.687954, 76.738609
633. 56.479259, 78.431374
634. 34.795135, 81.115341
635. 35.182602, 73.059364
636. 36.501709, 76.738609
637. 58.556332, 73.059364
638. 34.003777, 72.316383
639. 33.513779, 68.595932
640. 32.291237, 65.641029
641. 53.178932, 62.930187
642. 30.612722, 59.259262
643. 29.686489, 55.846424
644. 28.990091, 54.841476
645. 54.007931, 56.140354
646. 28.265848, 48.156509
647. 29.633953, 51.159073
648. 34.522541, 56.140354
649. 35.801929, 53.467003
650. 38.565544, 52.032520
651. 40.430969, 53.601341
652. 41.322266, 54.841476
653. 42.008175, 52.936314
654. 40.372482, 51.529793
655. 39.913776, 54.283291
656. 41.922287, 53.067993
657. 41.889080, 56.437393
658. 42.076790, 53.067993
659. 42.179241, 52.159740
660. 42.398174, 52.545158
661. 43.174320, 51.654560
662. 43.037464, 50.914879
663. 43.866119, 52.287582
664. 44.149475, 52.545158
665. 44.246689, 53.467003
666. 45.056259, 53.067993
667. 45.025974, 53.736359
668. 45.408550, 52.545158
669. 45.478436, 53.872055
670. 45.764305, 52.545158
671. 45.770561, 53.736359
672. 45.718491, 52.936314
673. 45.447575, 51.779938
674. 45.108856, 51.282051
675. 45.110882, 51.654560
676. 46.039021, 52.032520
677. 46.180805, 51.282051
678. 46.680740, 53.200333
679. 46.633072, 55.267704
680. 46.918350, 54.560955
681. 46.826508, 56.140354
682. 47.302711, 55.700611
683. 47.450153, 55.846424
684. 47.984982, 56.140354
685. 47.788696, 59.095108
686. 47.996445, 56.288479
687. 48.243042, 58.769516
688. 48.527317, 60.434376
689. 47.521973, 58.769516
690. 45.889721, 57.971016
691. 44.572536, 59.424328
692. 43.257969, 58.447491
693. 41.781078, 57.193924
694. 40.417957, 57.193924
695. 39.751122, 55.267704
696. 38.178658, 53.067993
697. 37.433292, 52.936314
698. 36.171860, 51.282051
699. 34.801163, 48.265461
700. 59.344925, 46.783627
701. 32.450809, 46.176048
702. 31.912764, 43.626450
703. 30.380381, 40.712471
704. 45.385986, 37.624928
705. 28.952497, 37.892246
706. 28.336800, 35.261707
707. 28.187340, 33.648792
708. 27.939644, 29.547554
709. 42.790016, 28.070177
710. 28.316034, 52.936314
711. 28.450745, 25.548903
712. 28.539642, 24.777391
713. 28.477356, 22.889843
714. 28.697788, 21.376085
715. 27.446581, 18.812464
716. 26.688349, 16.422890
717. 26.150692, 16.422890
718. 25.250938, 12.100587
719. 25.460178, 12.100587
720. 37.226631, 7.657334
721. 25.122135, 7.657334
722. 24.976622, 7.657334
723. 25.238886, 7.657334
724. 36.656193, 7.657334
725. 25.278893, 7.657334
726. 25.252207, 7.657334
727. 25.240788, 7.657334
728. 37.702999, 7.657334
729. 25.475027, 7.657334
730. 25.975582, 7.657334
731. 38.136631, 7.657334
732. 26.004492, 7.657334
733. 26.090931, 7.657334
734. 26.344055, 7.657334
735. 26.636696, 7.657334
736. 41.732483, 7.657334
737. 26.792969, 7.657334
738. 26.856710, 7.657334
739. 42.835625, 7.657334
740. 27.112545, 7.657334
741. 27.182230, 7.657334
742. 41.592548, 7.657334
743. 27.116203, 7.657334
744. 40.199638, 7.657334
745. 27.051226, 7.657334
746. 26.954702, 7.657334
747. 26.684095, 7.657334
748. 26.541702, 7.657334
