0. 26.255934, 0.000000
1. 3169.430908, 0.000000
2. 19.897997, 0.000000
3. 26.272411, 0.000000
4. 26.065886, 0.000000
5. 26.152733, 0.000000
6. 37.796612, 0.000000
7. 25.800154, 0.000000
8. 33.580986, 0.000000
9. 39.572632, 0.000000
10. 43.780102, 0.000000
11. 46.229675, 10.281125
12. 47.553463, 21.122112
13. 46.711124, 23.598822
14. 47.456879, 29.753603
15. 49.427341, 32.323235
16. 51.781147, 34.858387
17. 55.447548, 38.858532
18. 57.281048, 43.184887
19. 59.918270, 45.977013
20. 61.191887, 48.156509
21. 63.133690, 54.008442
22. 63.540955, 57.813911
23. 63.488754, 58.447491
24. 64.112663, 62.561096
25. 63.573120, 66.047470
26. 64.252068, 67.940552
27. 63.929089, 71.111115
28. 64.227425, 74.074074
29. 63.617397, 74.332176
30. 63.685951, 78.720787
31. 63.504807, 79.601990
32. 63.480732, 84.321480
33. 62.684650, 83.989502
34. 62.932011, 87.791496
35. 62.292118, 88.888893
36. 62.392696, 91.168091
37. 61.446369, 91.559372
38. 61.896843, 95.238098
39. 61.292679, 96.096100
40. 61.721928, 99.688477
41. 60.755249, 98.765434
42. 60.619617, 102.073372
43. 60.803047, 102.073372
44. 60.400959, 103.559875
45. 60.440929, 108.843544
46. 59.457306, 105.090317
47. 59.740135, 109.401711
48. 59.246937, 111.111115
49. 59.212021, 109.401711
50. 59.128387, 112.874786
51. 59.128387, 112.280708
52. 58.706882, 118.518524
53. 59.149273, 118.518524
54. 58.724037, 119.180634
55. 58.896156, 119.180634
56. 58.604153, 122.605370
57. 58.641777, 118.518524
58. 58.099205, 126.984131
59. 58.587063, 123.314072
60. 58.535862, 121.904762
61. 58.934158, 125.490196
62. 59.765007, 126.984131
63. 60.473671, 125.490196
64. 59.932568, 123.314072
65. 60.513737, 131.687241
66. 60.758923, 130.879349
67. 61.165810, 129.292938
68. 61.251575, 132.505173
69. 62.045918, 132.505173
70. 62.168774, 132.505173
71. 61.843502, 132.505173
72. 62.708122, 136.752136
73. 62.794346, 139.433548
74. 63.272850, 135.021103
75. 63.396614, 131.687241
76. 64.026863, 135.881104
77. 64.002396, 140.350876
78. 64.603241, 138.528137
79. 64.528549, 136.752136
80. 64.870193, 138.528137
81. 64.916298, 137.634415
82. 64.970871, 139.433548
83. 64.223320, 138.528137
84. 65.092941, 140.350876
85. 64.657288, 138.528137
86. 65.385239, 138.528137
87. 65.071861, 139.433548
88. 64.748955, 136.752136
89. 65.168938, 143.176743
90. 65.334213, 143.176743
91. 65.168938, 145.124725
92. 64.983482, 138.528137
93. 65.478989, 139.433548
94. 65.042374, 143.176743
95. 65.334213, 142.222229
96. 65.088722, 144.144150
97. 65.650131, 139.433548
98. 65.211243, 137.634415
99. 65.423553, 146.118729
100. 64.782356, 141.280365
101. 32.544361, 138.528137
102. 65.317223, 135.021103
103. 65.262070, 139.433548
104. 65.547333, 143.176743
105. 64.949875, 142.222229
106. 65.262070, 140.350876
107. 65.135139, 141.280365
108. 65.185852, 145.124725
109. 65.380981, 143.176743
110. 64.836700, 140.350876
111. 65.295998, 139.433548
112. 64.979279, 144.144150
113. 65.287514, 146.118729
114. 64.954071, 138.528137
115. 65.513145, 139.433548
116. 64.928886, 137.634415
117. 64.983482, 143.176743
118. 61.992321, 138.528137
119. 59.839760, 134.171906
120. 58.416744, 127.744514
121. 56.833893, 127.744514
122. 55.040516, 125.490196
123. 53.667515, 122.605370
124. 52.743427, 121.212128
125. 50.518379, 113.475182
126. 49.192596, 109.401711
127. 47.600777, 106.666672
128. 45.357300, 104.065041
129. 46.274391, 103.059586
130. 44.316948, 100.156494
131. 42.435783, 93.158661
132. 40.297993, 89.635857
133. 38.398991, 85.333336
134. 36.061504, 79.601990
135. 34.989014, 77.015648
136. 62.935955, 69.489685
137. 33.847980, 66.458984
138. 33.878796, 62.015507
139. 34.637989, 59.925095
140. 35.986588, 58.287796
141. 37.633801, 63.116371
142. 38.333061, 62.745098
143. 38.450424, 64.646469
144. 38.738029, 62.015507
145. 38.331600, 62.745098
146. 38.245510, 63.681595
147. 37.363689, 60.093899
148. 37.161915, 58.931862
149. 37.519962, 61.479347
150. 38.223686, 58.931862
151. 38.485771, 59.757236
152. 37.890690, 57.347672
153. 37.123470, 58.128975
154. 40.730919, 56.888889
155. 42.751778, 61.302685
156. 44.897202, 60.952381
157. 47.061199, 58.447491
158. 48.370785, 61.835751
159. 49.062874, 60.093899
160. 51.010841, 63.303661
161. 52.517357, 65.040649
162. 53.868938, 64.451157
163. 55.170479, 67.085953
164. 56.393665, 71.111115
165. 57.513855, 69.716774
166. 57.805050, 70.640182
167. 58.648624, 74.592079
168. 58.355671, 74.074074
169. 58.450729, 73.817764
170. 58.920334, 74.853806
171. 59.961182, 78.144081
172. 60.129845, 78.144081
173. 61.270248, 79.900124
174. 61.946457, 85.333336
175. 61.427586, 84.656090
176. 60.891487, 88.520058
177. 61.657536, 88.154274
178. 60.961685, 90.780144
179. 61.244106, 92.352097
180. 61.521618, 93.158661
181. 61.244106, 94.814819
182. 61.386299, 96.969704
183. 61.002403, 100.628937
184. 60.957989, 99.224808
185. 60.539261, 104.065041
186. 60.601337, 102.073372
187. 60.245220, 105.610565
188. 60.451839, 107.202682
189. 59.775677, 106.135986
190. 60.061546, 108.843544
191. 59.348431, 109.401711
192. 59.411598, 113.475182
193. 59.010311, 114.082001
194. 58.501781, 112.874786
195. 59.027645, 117.863724
196. 58.460930, 119.180634
197. 58.522224, 118.518524
198. 57.921684, 122.605370
199. 58.325180, 123.314072
200. 57.831669, 118.518524
201. 58.734337, 126.984131
202. 58.498375, 126.232742
203. 59.198067, 121.904762
204. 59.170174, 126.984131
205. 59.807701, 126.984131
206. 59.608994, 123.314072
207. 60.288601, 126.984131
208. 60.256062, 130.879349
209. 60.762600, 130.081299
210. 60.924721, 127.744514
211. 61.551773, 133.333344
212. 61.491497, 133.333344
213. 62.080421, 133.333344
214. 61.877785, 127.744514
215. 62.524712, 137.634415
216. 62.555855, 135.881104
217. 63.145596, 132.505173
218. 63.046535, 134.171906
219. 64.010551, 135.021103
220. 64.112663, 136.752136
221. 63.460686, 138.528137
222. 64.582474, 135.021103
223. 64.715591, 141.280365
224. 64.326111, 135.021103
225. 64.338470, 140.350876
226. 64.811607, 137.634415
227. 64.757301, 138.528137
228. 65.355469, 145.124725
229. 65.021332, 139.433548
230. 65.219704, 137.634415
231. 64.954071, 138.528137
232. 65.207008, 144.144150
233. 64.782356, 138.528137
234. 65.466187, 142.222229
235. 64.728096, 140.350876
236. 65.560165, 144.144150
237. 64.920494, 141.280365
238. 65.534508, 141.280365
239. 64.878571, 139.433548
240. 65.232407, 140.350876
241. 65.406517, 140.350876
242. 65.168938, 141.280365
243. 65.346962, 143.176743
244. 32.546471, 139.433548
245. 65.317223, 137.634415
246. 65.436340, 144.144150
247. 65.126694, 146.118729
248. 65.122475, 140.350876
249. 65.538788, 139.433548
250. 65.543060, 145.124725
251. 65.118256, 142.222229
252. 65.097160, 142.222229
253. 65.346962, 141.280365
254. 65.295998, 135.881104
255. 65.444862, 143.176743
256. 65.389496, 143.176743
257. 64.954071, 139.433548
258. 64.757301, 141.280365
259. 32.681984, 140.350876
260. 64.807426, 143.176743
261. 65.177399, 145.124725
262. 64.987679, 141.280365
263. 65.240883, 141.280365
264. 65.122475, 141.280365
265. 65.500328, 142.222229
266. 65.118256, 143.176743
267. 65.534508, 141.280365
268. 65.126694, 141.280365
269. 65.637260, 143.176743
270. 65.300247, 145.124725
271. 65.402260, 141.280365
272. 65.393745, 143.176743
273. 65.088722, 139.433548
274. 64.970871, 139.433548
275. 65.774765, 143.176743
276. 65.620117, 144.144150
277. 65.245117, 142.222229
278. 65.135139, 139.433548
279. 65.641548, 145.124725
280. 65.581566, 140.350876
281. 64.966667, 144.144150
282. 62.241951, 138.528137
283. 60.072319, 134.171906
284. 58.652046, 133.333344
285. 57.359531, 130.081299
286. 55.343700, 124.756340
287. 54.054424, 121.904762
288. 52.663254, 117.863724
289. 50.655922, 112.280708
290. 48.779411, 109.965637
291. 47.129635, 105.090317
292. 45.338879, 103.059586
293. 42.664639, 93.979446
294. 40.828575, 89.635857
295. 40.600887, 90.014069
296. 41.571896, 91.168091
297. 41.606327, 88.154274
298. 40.328728, 81.424942
299. 38.611488, 77.575760
300. 36.012386, 75.382805
301. 58.799648, 69.264069
302. 32.736294, 65.843620
303. 31.615519, 60.778728
304. 29.618229, 56.288479
305. 29.547674, 55.555557
306. 33.239910, 61.835751
307. 63.260899, 56.587093
308. 32.505405, 57.193924
309. 36.105564, 64.257027
310. 39.197472, 62.930187
311. 39.896339, 59.424328
312. 41.786289, 61.835751
313. 42.124420, 60.606064
314. 42.742687, 62.930187
315. 42.179241, 61.657036
316. 42.365993, 61.657036
317. 42.659203, 59.757236
318. 43.081753, 59.590317
319. 43.280331, 58.608059
320. 43.218891, 60.263657
321. 42.837452, 58.128975
322. 42.442951, 57.813911
323. 43.883362, 59.757236
324. 44.153355, 56.888889
325. 44.879150, 56.437393
326. 44.909241, 58.287796
327. 45.042122, 59.590317
328. 45.513458, 59.424328
329. 45.693539, 59.095108
330. 45.554729, 57.813911
331. 45.706013, 58.769516
332. 45.369591, 59.259262
333. 45.847839, 60.434376
334. 46.340553, 59.424328
335. 46.809055, 60.263657
336. 45.900204, 60.263657
337. 46.561756, 61.302685
338. 46.374779, 61.127033
339. 46.469154, 59.590317
340. 45.591938, 59.424328
341. 46.030582, 61.302685
342. 46.136269, 60.434376
343. 45.948486, 60.093899
344. 46.263737, 63.492065
345. 47.138481, 64.451157
346. 47.412086, 63.872257
347. 47.521973, 65.843620
348. 47.573727, 65.439674
349. 47.754627, 66.666672
350. 47.795517, 67.085953
351. 48.164410, 65.843620
352. 47.811440, 67.510551
353. 45.598148, 67.297585
354. 44.097153, 65.843620
355. 42.023991, 63.303661
356. 40.735874, 62.561096
357. 39.098320, 60.434376
358. 38.521187, 57.971016
359. 36.359047, 56.737591
360. 59.397549, 52.674900
361. 33.038788, 48.706242
362. 32.636333, 46.376812
363. 32.335926, 43.010754
364. 56.213818, 40.327663
365. 32.258060, 37.361355
366. 32.585526, 33.229492
367. 32.533825, 29.670839
368. 33.219028, 27.456028
369. 33.589970, 23.572744
370. 33.975029, 13.754567
371. 34.054489, 15.790772
372. 34.412575, 25.127602
373. 34.349045, 10.096230
374. 35.132160, 10.096230
375. 36.053741, 10.096230
376. 35.759880, 10.096230
377. 36.070568, 10.096230
378. 33.425697, 10.096230
379. 31.692308, 10.096230
380. 27.869890, 10.096230
381. 26.595800, 10.096230
382. 25.093273, 10.096230
383. 36.282890, 10.096230
384. 24.017153, 10.096230
385. 216.906204, 10.096230
386. 27.022123, 10.096230
387. 225.220703, 10.096230
388. 26.738777, 10.096230
389. 207.842270, 10.096230
390. 25.823362, 0.666542
391. 209.576462, 24.662813
392. 26.355112, 24.662813
393. 223.318420, 24.662813
394. 26.054394, 24.662813
395. 219.177475, 24.662813
396. 207.413208, 24.662813
397. 25.895245, 24.662813
398. 215.095169, 24.662813
399. 25.914614, 24.662813
400. 223.566879, 24.662813
401. 26.510885, 24.662813
402. 212.412170, 24.662813
403. 26.055746, 24.662813
404. 215.880875, 24.662813
405. 27.465340, 24.662813
406. 26.822296, 24.662813
407. 226.796738, 24.662813
408. 24.067781, 24.662813
409. 223.716217, 24.662813
410. 27.664232, 24.662813
411. 27.208731, 24.662813
412. 24.308861, 24.662813
413. 24.363092, 24.662813
