0. 36.414394, 39.875389
1. 36.414394, 39.875389
2. 27.298923, 39.875389
3. 41.890827, 39.875389
4. 27.122791, 39.875389
5. 27.103037, 39.875389
6. 26.876108, 39.875389
7. 26.881861, 39.875389
8. 41.359688, 39.875389
9. 26.130968, 39.875389
10. 25.926651, 39.875389
11. 26.308874, 39.875389
12. 26.563456, 39.875389
13. 26.489218, 39.875389
14. 26.321970, 39.875389
15. 26.436247, 39.875389
16. 25.901253, 39.875389
17. 26.200474, 39.875389
18. 39.258736, 39.875389
19. 25.724186, 39.875389
20. 25.814737, 39.875389
21. 37.607037, 39.875389
22. 25.637541, 39.875389
23. 40.020298, 39.875389
24. 25.724186, 39.875389
25. 25.623156, 39.875389
26. 25.555374, 39.875389
27. 41.767181, 39.875389
28. 25.878569, 39.875389
29. 26.009205, 39.875389
30. 25.936020, 39.875389
31. 25.978270, 39.875389
32. 37.178417, 39.875389
33. 26.034815, 39.875389
0. 17.571611, 0.637158
1. 17.571611, 0.637158
2. 27.051226, 0.637158
3. 27.025030, 0.637158
4. 26.505291, 0.637158
5. 25.751879, 0.637158
6. 26.566265, 0.637158
7. 26.787254, 0.637158
8. 26.362026, 0.637158
9. 26.688349, 0.637158
10. 26.975689, 0.637158
11. 44.194138, 0.637158
12. 27.214626, 0.637158
13. 27.287802, 0.637158
14. 46.003185, 0.637158
15. 27.009048, 0.637158
16. 26.894094, 0.637158
17. 41.544392, 0.637158
18. 27.202837, 0.637158
19. 27.473600, 0.637158
20. 45.173759, 0.637158
21. 27.686338, 0.637158
22. 27.515736, 0.637158
23. 27.226425, 0.637158
24. 27.580694, 0.637158
25. 45.308208, 0.637158
26. 27.479612, 0.637158
27. 40.773895, 0.637158
28. 103.610352, 0.637158
29. 27.189585, 0.637158
30. 27.418867, 0.637158
31. 44.141716, 0.637158
32. 27.533833, 0.637158
33. 27.566317, 0.637158
34. 27.502178, 0.637158
35. 27.468342, 0.637158
36. 27.395691, 0.637158
37. 27.441334, 0.637158
38. 27.492395, 0.637158
39. 45.046162, 0.637158
40. 26.703955, 0.637158
41. 39.008759, 0.637158
42. 26.111952, 0.637158
43. 26.211411, 0.637158
44. 26.222355, 0.637158
45. 26.060476, 0.637158
46. 26.214830, 0.637158
47. 39.237270, 0.637158
48. 26.241533, 0.637158
49. 26.520683, 0.637158
50. 26.346819, 0.637158
51. 26.631754, 0.637158
52. 26.742336, 0.637158
53. 41.117641, 0.637158
54. 27.098650, 0.637158
55. 45.492847, 0.637158
56. 27.691681, 0.637158
57. 27.721479, 0.637158
58. 27.886135, 0.637158
59. 43.194736, 0.637158
60. 27.833603, 0.637158
61. 45.687305, 0.637158
62. 36.280273, 0.637158
63. 41.498062, 0.637158
64. 45.466087, 5.160458
65. 47.396431, 14.581910
66. 47.709270, 19.376326
67. 48.475807, 23.943136
68. 49.154087, 32.080200
69. 52.108788, 37.624928
70. 54.429253, 41.263702
71. 58.237282, 43.895748
72. 59.943295, 46.681255
73. 62.373329, 51.036686
74. 62.470284, 54.560955
75. 63.673843, 56.737591
76. 63.225067, 62.930187
77. 63.702103, 66.252586
78. 63.412621, 66.666672
79. 63.536934, 71.588371
80. 63.113861, 73.310425
81. 63.185307, 75.117371
82. 62.939896, 79.900124
83. 63.129723, 83.009079
84. 63.042580, 87.074829
85. 62.474167, 85.676041
86. 62.872940, 92.352097
87. 61.950275, 87.074829
88. 61.589504, 95.665176
89. 60.747902, 91.559372
90. 61.043171, 99.688477
91. 60.430023, 100.156494
92. 59.939720, 100.628937
93. 59.693993, 103.059586
94. 59.718826, 103.059586
95. 59.194576, 108.843544
96. 59.152756, 107.744110
97. 58.240658, 107.744110
98. 58.159744, 109.401711
99. 58.311642, 109.965637
100. 57.682259, 114.695343
101. 58.102566, 115.942032
102. 57.316994, 115.942032
103. 57.389019, 121.212128
104. 57.144215, 116.575592
105. 57.553391, 117.863724
106. 57.533619, 122.605370
107. 57.573181, 122.605370
108. 58.294724, 123.314072
109. 58.244034, 128.514053
110. 58.610989, 126.984131
111. 59.330906, 126.232742
112. 59.814823, 128.514053
113. 59.768562, 130.879349
114. 60.524673, 129.292938
115. 60.361042, 130.081299
116. 61.333836, 135.881104
117. 61.147194, 133.333344
118. 61.984673, 132.505173
119. 62.138016, 131.687241
120. 62.226532, 132.505173
121. 62.657284, 134.171906
122. 62.684650, 131.687241
123. 63.424629, 137.634415
124. 63.548992, 140.350876
125. 63.925022, 139.433548
126. 63.884377, 133.333344
127. 64.346710, 139.433548
128. 64.202797, 144.144150
129. 64.145409, 141.280365
130. 64.624016, 140.350876
131. 64.903717, 137.634415
132. 63.990166, 144.144150
133. 64.557579, 136.752136
134. 64.619858, 141.280365
135. 64.516121, 142.222229
136. 64.503693, 138.528137
137. 65.334213, 142.222229
138. 64.807426, 140.350876
139. 64.603241, 141.280365
140. 65.312981, 138.528137
141. 64.520264, 144.144150
142. 65.101379, 141.280365
143. 64.694756, 144.144150
144. 64.882759, 140.350876
145. 32.468639, 134.171906
146. 65.368225, 141.280365
147. 64.958267, 144.144150
148. 64.711426, 144.144150
149. 65.423553, 137.634415
150. 64.824158, 141.280365
151. 65.236641, 148.148148
152. 64.761475, 141.280365
153. 65.355469, 143.176743
154. 64.437508, 140.350876
155. 65.105598, 142.222229
156. 65.008705, 145.124725
157. 65.029747, 143.176743
158. 65.025536, 143.176743
159. 64.945671, 137.634415
160. 64.624016, 139.433548
161. 62.053581, 141.280365
162. 60.335670, 137.634415
163. 59.299389, 136.752136
164. 58.264297, 131.687241
165. 57.202778, 131.687241
166. 56.053871, 127.744514
167. 54.379169, 125.490196
168. 53.243752, 124.031013
169. 52.405048, 119.180634
170. 50.845627, 114.695343
171. 49.342381, 114.082001
172. 47.544460, 107.744110
173. 46.007397, 107.202682
174. 44.807098, 102.073372
175. 43.492039, 99.224808
176. 42.142090, 97.412483
177. 41.020275, 94.814819
178. 40.172314, 92.352097
179. 39.077030, 88.154274
180. 37.899265, 86.720871
181. 37.510159, 83.660133
182. 35.924824, 81.424942
183. 34.874851, 77.858887
184. 34.315022, 78.144081
185. 32.667107, 73.563217
186. 54.476471, 71.348946
187. 31.161514, 70.640182
188. 30.280577, 66.458984
189. 29.998493, 65.040649
190. 28.955000, 61.657036
191. 29.106831, 58.447491
192. 43.935173, 59.925095
193. 28.616867, 60.778728
194. 41.882095, 56.288479
195. 28.416143, 54.008442
196. 28.291317, 58.931862
197. 28.568045, 54.700855
198. 28.970863, 51.529793
199. 44.363914, 52.287582
200. 28.708448, 49.960968
201. 43.877613, 51.405624
202. 28.393658, 49.728050
203. 28.282557, 48.048050
204. 28.333603, 47.197643
205. 27.602669, 44.723972
206. 41.964314, 43.537415
207. 26.729530, 40.634922
208. 26.800831, 39.143734
209. 39.490196, 38.507824
210. 25.997091, 36.845135
211. 25.714970, 35.030106
212. 36.305180, 62.015507
213. 27.812029, 34.297966
214. 24.990288, 31.052887
215. 24.207535, 25.796051
216. 30.821203, 53.736359
217. 35.972416, 30.303032
218. 40.239891, 32.619778
219. 43.054062, 32.972694
220. 45.963200, 33.916271
221. 46.778545, 35.030106
222. 47.596264, 35.914703
223. 47.546711, 36.467239
224. 47.800064, 36.972851
225. 47.365150, 37.166088
226. 46.802513, 38.858532
227. 46.927116, 38.577457
228. 47.085461, 37.558685
229. 48.459438, 40.557671
230. 48.824451, 40.175770
231. 49.178146, 44.077137
232. 48.658928, 42.328045
233. 50.125202, 43.360435
234. 52.095280, 45.681656
235. 55.194725, 47.407410
236. 56.132160, 51.529793
237. 57.553391, 53.467003
238. 58.460930, 57.193924
239. 60.583065, 59.925095
240. 60.954288, 64.064064
241. 61.809261, 67.297585
242. 61.461403, 69.264069
243. 62.261234, 71.111115
244. 62.257378, 75.919334
245. 62.509151, 77.294685
246. 62.532494, 80.808083
247. 62.164928, 82.368088
248. 62.288254, 84.321480
249. 61.969379, 88.888893
250. 61.691608, 91.954025
251. 61.544231, 91.559372
252. 61.184433, 94.395287
253. 61.028339, 99.224808
254. 60.725872, 98.310295
255. 60.645233, 101.105850
256. 60.241608, 105.090317
257. 60.040012, 105.610565
258. 59.351936, 109.401711
259. 59.598385, 109.965637
260. 58.515408, 108.843544
261. 59.142311, 111.111115
262. 58.498375, 112.280708
263. 58.858204, 115.315315
264. 57.941727, 115.942032
265. 58.042149, 117.863724
266. 57.346436, 119.180634
267. 57.698822, 124.031013
268. 56.763252, 117.863724
269. 57.428383, 122.605370
270. 57.484241, 124.756340
271. 57.821682, 121.212128
272. 58.820301, 124.756340
273. 58.634933, 124.756340
274. 59.457306, 122.605370
275. 59.474903, 126.984131
276. 60.422756, 130.879349
277. 60.806728, 128.514053
278. 60.678196, 129.292938
279. 61.468925, 133.333344
280. 61.375050, 130.081299
281. 61.832085, 130.879349
282. 61.927364, 133.333344
283. 62.928070, 135.881104
284. 62.641659, 135.881104
285. 63.444656, 134.171906
286. 63.702103, 135.021103
287. 63.673843, 141.280365
288. 63.548992, 136.752136
289. 63.766792, 137.634415
290. 64.371445, 135.881104
291. 64.276733, 140.350876
292. 64.903717, 141.280365
293. 64.215103, 140.350876
294. 64.665611, 136.752136
295. 65.270546, 143.176743
296. 64.400330, 145.124725
297. 65.684464, 142.222229
298. 64.478859, 138.528137
299. 65.262070, 136.752136
300. 64.346710, 142.222229
301. 65.147812, 142.222229
302. 64.849258, 139.433548
303. 65.067650, 143.176743
304. 65.135139, 135.881104
305. 65.042374, 144.144150
306. 65.245117, 144.144150
307. 65.300247, 139.433548
308. 65.071861, 144.144150
309. 65.223938, 142.222229
310. 65.359718, 143.176743
311. 65.000298, 141.280365
312. 64.832520, 143.176743
313. 65.076080, 143.176743
314. 65.705940, 139.433548
315. 65.109818, 145.124725
316. 65.033951, 143.176743
317. 65.757545, 144.144150
318. 65.021332, 144.144150
319. 65.287514, 140.350876
320. 65.071861, 146.118729
321. 65.393745, 144.144150
322. 65.470451, 145.124725
323. 65.105598, 140.350876
324. 65.240883, 145.124725
325. 64.991882, 146.118729
326. 65.611542, 147.126434
327. 64.728096, 141.280365
328. 65.291756, 140.350876
329. 65.114037, 147.126434
330. 65.419296, 143.176743
331. 65.312981, 145.124725
332. 65.304489, 140.350876
333. 65.135139, 143.176743
334. 65.253593, 143.176743
335. 65.198547, 147.126434
336. 65.236641, 148.148148
337. 65.055008, 139.433548
338. 65.427818, 142.222229
339. 65.033951, 137.634415
340. 65.470451, 148.148148
341. 64.840889, 145.124725
342. 64.280846, 140.350876
343. 62.590927, 142.222229
344. 60.766273, 140.350876
345. 59.825508, 138.528137
346. 58.552921, 135.881104
347. 57.649158, 130.879349
348. 56.622494, 129.292938
349. 55.264553, 130.081299
350. 53.915192, 122.605370
351. 52.812740, 118.518524
352. 51.164108, 118.518524
353. 49.784924, 113.475182
354. 48.625957, 111.111115
355. 46.878944, 106.666672
356. 45.306168, 102.073372
357. 44.021801, 101.587303
358. 41.925789, 94.814819
359. 40.953392, 93.979446
360. 39.372581, 87.431694
361. 38.088921, 85.676041
362. 36.038219, 81.736916
363. 35.378342, 79.900124
364. 33.837719, 75.382805
365. 31.897568, 73.563217
366. 31.118084, 70.640182
367. 30.112680, 67.940552
368. 29.454123, 65.040649
369. 29.031975, 63.303661
370. 29.160051, 64.646469
371. 28.949995, 63.303661
372. 29.069775, 60.263657
373. 45.552666, 65.439674
374. 29.291824, 61.302685
375. 46.007397, 61.127033
376. 29.467945, 61.835751
377. 28.880093, 57.971016
378. 28.917498, 58.128975
379. 29.643572, 53.736359
380. 29.490433, 50.793652
381. 47.151752, 52.936314
382. 30.082926, 46.579330
383. 29.926119, 45.390072
384. 29.558105, 47.407410
385. 30.413488, 45.390072
386. 30.456820, 43.537415
387. 30.898928, 44.444447
388. 31.315948, 42.412193
389. 51.397053, 42.496681
390. 32.183662, 39.800995
391. 35.178905, 42.581505
392. 36.341949, 42.752171
393. 36.477856, 41.025642
394. 40.958401, 43.010754
395. 43.724850, 43.097645
396. 46.257347, 44.260029
397. 48.553112, 48.265461
398. 49.826897, 47.407410
399. 50.065258, 48.817699
400. 50.356335, 49.382717
401. 49.664337, 47.940075
402. 50.175266, 48.595295
403. 50.765984, 50.552925
404. 51.880077, 54.283291
405. 51.995525, 52.674900
406. 52.666016, 56.888889
407. 53.288933, 58.128975
408. 53.238106, 58.287796
409. 53.263508, 61.479347
410. 52.119602, 60.434376
411. 48.560154, 57.971016
412. 46.635239, 60.093899
413. 44.176651, 59.590317
414. 42.512993, 57.657658
415. 40.890057, 59.424328
416. 39.502617, 58.931862
417. 38.387253, 57.193924
418. 37.280502, 57.041000
419. 36.410435, 55.846424
420. 36.008514, 56.288479
421. 35.429493, 54.560955
422. 34.950066, 54.700855
423. 33.870800, 52.287582
424. 33.226719, 50.914879
425. 33.291679, 51.905922
426. 32.821846, 50.196079
427. 52.798862, 47.725578
428. 31.360912, 47.940075
429. 31.205067, 47.940075
430. 30.887529, 46.783627
431. 29.585958, 43.986256
432. 29.357729, 42.752171
433. 28.481392, 40.868458
434. 28.164425, 38.095238
435. 42.996944, 35.975269
436. 27.733723, 33.808769
437. 27.272247, 31.372549
438. 26.609184, 29.465931
439. 41.225620, 28.107159
440. 19.719908, 49.960968
441. 25.776985, 24.980484
442. 25.574890, 21.419010
443. 24.999617, 19.133036
444. 24.614979, 19.133036
445. 24.738010, 17.443445
446. 24.429440, 15.709377
447. 24.298868, 11.991756
448. 24.789282, 11.991756
449. 35.901718, 11.991756
450. 24.669373, 8.105371
451. 24.819901, 8.105371
452. 25.151693, 8.105371
453. 25.476318, 8.105371
454. 25.687357, 8.105371
455. 25.714312, 8.105371
456. 25.464050, 8.105371
457. 38.119270, 8.105371
458. 26.597208, 8.105371
459. 25.958805, 8.105371
460. 26.517183, 8.105371
461. 27.091343, 8.105371
462. 27.182964, 8.105371
463. 41.910046, 8.105371
464. 27.629997, 8.105371
465. 27.828207, 8.105371
466. 27.979324, 8.105371
467. 28.607903, 8.105371
468. 43.956318, 8.105371
469. 28.132093, 8.105371
470. 28.223764, 8.105371
471. 28.077847, 8.105371
472. 28.109268, 8.105371
473. 43.366261, 8.105371
474. 27.700079, 8.105371
475. 27.377028, 8.105371
476. 27.269285, 8.105371
477. 27.723774, 8.105371
478. 42.974873, 8.105371
479. 27.690918, 8.105371
480. 27.841316, 8.105371
481. 28.058243, 8.105371
482. 27.617844, 8.105371
483. 41.682274, 8.105371
484. 27.950525, 8.105371
485. 28.293707, 8.105371
486. 43.163189, 8.105371
487. 27.325651, 8.105371
488. 27.472097, 8.105371
489. 27.383743, 8.105371
490. 27.409143, 8.105371
491. 43.291519, 8.105371
492. 27.351688, 8.105371
493. 26.962660, 8.105371
494. 39.667938, 8.105371
495. 25.417667, 8.105371
496. 42.172161, 8.105371
497. 26.550117, 8.105371
498. 26.270351, 8.105371
499. 41.378426, 8.105371
500. 26.407759, 8.105371
501. 26.322659, 8.105371
502. 40.950054, 8.105371
503. 26.877546, 8.105371
504. 39.804665, 8.105371
505. 26.587355, 8.105371
