0. 18.622286, 0.000000
1. 41.073936, 0.000000
2. 41.479218, 0.000000
3. 25.345852, 0.000000
4. 25.705759, 0.000000
5. 25.710363, 0.000000
6. 25.268084, 0.000000
7. 25.316473, 0.000000
8. 25.388763, 0.000000
9. 25.597044, 0.000000
10. 40.973434, 0.000000
11. 25.722212, 0.000000
12. 25.632961, 0.000000
13. 39.691444, 0.000000
14. 25.486658, 0.000000
15. 25.416382, 0.000000
16. 25.810095, 0.000000
17. 25.640158, 0.000000
18. 25.667013, 0.000000
19. 25.765087, 0.000000
20. 38.154011, 0.000000
21. 25.661768, 0.000000
22. 25.410597, 0.000000
23. 37.240429, 0.000000
24. 25.557976, 0.000000
25. 25.557976, 0.000000
26. 25.760462, 0.000000
27. 25.919292, 0.000000
28. 25.772356, 0.000000
29. 25.761784, 0.000000
30. 38.824852, 0.000000
31. 25.835316, 0.000000
32. 26.124172, 0.000000
33. 26.319212, 0.000000
34. 26.489218, 0.000000
35. 26.397350, 0.000000
36. 26.381409, 0.000000
37. 28.872623, 0.000000
38. 33.222324, 0.000000
39. 35.551098, 0.000000
40. 35.390804, 0.000000
41. 39.633514, 0.000000
42. 43.116882, 10.467779
43. 45.513458, 16.944666
44. 47.759167, 25.246550
45. 48.819706, 24.864025
46. 50.000477, 33.437828
47. 52.179150, 37.361355
48. 55.395576, 41.504539
49. 57.579781, 43.626450
50. 60.303078, 46.477852
51. 61.431339, 50.196079
52. 63.169415, 54.841476
53. 63.653671, 55.700611
54. 64.470581, 59.590317
55. 63.738472, 64.451157
56. 64.108574, 65.641029
57. 64.669769, 70.640182
58. 63.710182, 72.316383
59. 64.404457, 73.817764
60. 63.673843, 79.012344
61. 63.896564, 78.144081
62. 63.778934, 83.009079
63. 63.916889, 84.321480
64. 63.855953, 87.431694
65. 62.916248, 86.369774
66. 63.272850, 91.954025
67. 62.680740, 90.395485
68. 62.928070, 95.238098
69. 61.638622, 96.096100
70. 61.820671, 101.587303
71. 60.773624, 100.156494
72. 61.043171, 105.090317
73. 60.521027, 105.610565
74. 60.147842, 106.666672
75. 59.747238, 108.291039
76. 59.383507, 109.401711
77. 58.979134, 109.965637
78. 59.232967, 114.695343
79. 58.645199, 112.280708
80. 58.775570, 115.942032
81. 58.193428, 111.692848
82. 58.621246, 117.863724
83. 58.153011, 117.863724
84. 58.220406, 117.863724
85. 57.825012, 121.212128
86. 58.085770, 124.031013
87. 58.099205, 124.031013
88. 58.813416, 124.756340
89. 58.768692, 126.232742
90. 59.083183, 124.031013
91. 58.899612, 124.756340
92. 59.939720, 130.081299
93. 60.122646, 129.292938
94. 60.950592, 126.984131
95. 60.969086, 131.687241
96. 61.529156, 133.333344
97. 61.457645, 131.687241
98. 62.176468, 130.879349
99. 61.946457, 134.171906
100. 63.070282, 135.021103
101. 63.356636, 133.333344
102. 63.121792, 131.687241
103. 63.807289, 135.021103
104. 64.084038, 135.021103
105. 63.884377, 141.280365
106. 64.487137, 135.021103
107. 64.420975, 135.021103
108. 64.874382, 140.350876
109. 65.240883, 142.222229
110. 64.227425, 135.021103
111. 64.669769, 139.433548
112. 64.836700, 141.280365
113. 65.202774, 140.350876
114. 64.611549, 141.280365
115. 65.385239, 139.433548
116. 64.983482, 140.350876
117. 65.585846, 141.280365
118. 65.329964, 145.124725
119. 65.427818, 136.752136
120. 64.866005, 139.433548
121. 65.389496, 144.144150
122. 65.389496, 144.144150
123. 65.432076, 143.176743
124. 65.033951, 142.222229
125. 65.342712, 138.528137
126. 65.547333, 148.148148
127. 65.577286, 143.176743
128. 65.291756, 146.118729
129. 65.491791, 137.634415
130. 65.312981, 142.222229
131. 65.560165, 142.222229
132. 65.470451, 146.118729
133. 65.693054, 140.350876
134. 65.105598, 141.280365
135. 65.444862, 142.222229
136. 65.287514, 144.144150
137. 65.453392, 141.280365
138. 65.017120, 142.222229
139. 65.671585, 139.433548
140. 63.843781, 144.144150
141. 61.570633, 143.176743
142. 60.328423, 139.433548
143. 58.830635, 132.505173
144. 58.227154, 131.687241
145. 57.105240, 135.021103
146. 56.399998, 133.333344
147. 55.798599, 128.514053
148. 55.346752, 128.514053
149. 54.491245, 126.232742
150. 53.949932, 124.031013
151. 52.926807, 121.904762
152. 52.060188, 121.212128
153. 51.320915, 117.216118
154. 50.250553, 114.082001
155. 49.067669, 111.111115
156. 47.147327, 108.843544
157. 45.822746, 105.090317
158. 44.721336, 101.587303
159. 43.085449, 98.310295
160. 41.840237, 91.954025
161. 39.784176, 88.888893
162. 37.469589, 83.333336
163. 35.360912, 81.115341
164. 33.222324, 74.332176
165. 32.703259, 73.817764
166. 32.358837, 67.510551
167. 51.565876, 66.047470
168. 31.917833, 62.015507
169. 32.164085, 60.263657
170. 32.353626, 59.424328
171. 32.348419, 57.193924
172. 51.415462, 56.288479
173. 31.623480, 53.736359
174. 31.710314, 52.159740
175. 31.691309, 49.960968
176. 31.497572, 47.619049
177. 31.987951, 49.268669
178. 55.067665, 51.036686
179. 31.840958, 49.612404
180. 31.531181, 46.989723
181. 31.857111, 46.477852
182. 35.548580, 49.497295
183. 37.367855, 44.168392
184. 41.067223, 46.989723
185. 44.823090, 48.374908
186. 47.118584, 47.832588
187. 49.713486, 49.042149
188. 52.718521, 51.779938
189. 54.692955, 56.140354
190. 56.930504, 55.411259
191. 57.881641, 59.590317
192. 53.768040, 56.140354
193. 54.208996, 56.437393
194. 54.028263, 57.193924
195. 54.223625, 60.434376
196. 55.355900, 60.093899
197. 57.076042, 63.681595
198. 58.109287, 63.492065
199. 58.614407, 65.439674
200. 59.839760, 68.817207
201. 59.957603, 69.945358
202. 61.076569, 70.640182
203. 61.020927, 73.059364
204. 61.393803, 71.829407
205. 61.288937, 74.332176
206. 62.164928, 77.015648
207. 62.704212, 79.012344
208. 63.197231, 81.736916
209. 63.500793, 83.989502
210. 63.094044, 88.154274
211. 63.348648, 90.014069
212. 62.501373, 90.014069
213. 62.888680, 92.352097
214. 62.373329, 97.412483
215. 62.513039, 94.395287
216. 61.687824, 97.859329
217. 61.756073, 100.628937
218. 61.058010, 101.587303
219. 61.076569, 106.666672
220. 60.408222, 106.135986
221. 60.411854, 109.401711
222. 59.921844, 112.280708
223. 59.996986, 110.535408
224. 59.623142, 112.874786
225. 59.644379, 111.692848
226. 58.823746, 116.575592
227. 58.965290, 115.942032
228. 58.868549, 119.180634
229. 58.512001, 120.527313
230. 58.765255, 119.180634
231. 58.095844, 122.605370
232. 58.621246, 125.490196
233. 58.934158, 126.232742
234. 58.559746, 125.490196
235. 58.975674, 130.081299
236. 58.934158, 127.744514
237. 59.814823, 129.292938
238. 60.219944, 128.514053
239. 60.828815, 133.333344
240. 60.510090, 131.687241
241. 61.442612, 130.879349
242. 61.337582, 134.171906
243. 62.311436, 134.171906
244. 61.999973, 135.881104
245. 62.462517, 130.879349
246. 62.661194, 132.505173
247. 63.260899, 136.752136
248. 63.452667, 138.528137
249. 63.831612, 136.752136
250. 63.782986, 138.528137
251. 64.511978, 141.280365
252. 64.202797, 141.280365
253. 64.678101, 136.752136
254. 64.757301, 135.881104
255. 64.416847, 143.176743
256. 65.042374, 144.144150
257. 64.769829, 138.528137
258. 64.958267, 140.350876
259. 64.840889, 136.752136
260. 65.253593, 144.144150
261. 65.461922, 142.222229
262. 64.624016, 143.176743
263. 65.236641, 141.280365
264. 65.101379, 145.124725
265. 65.415039, 141.280365
266. 64.949875, 144.144150
267. 65.236641, 139.433548
268. 65.046585, 138.528137
269. 65.223938, 141.280365
270. 65.474716, 147.126434
271. 65.160484, 143.176743
272. 65.012917, 138.528137
273. 65.415039, 139.433548
274. 65.304489, 143.176743
275. 65.581566, 144.144150
276. 65.449127, 142.222229
277. 65.287514, 140.350876
278. 65.577286, 143.176743
279. 65.478989, 147.126434
280. 65.654419, 144.144150
281. 65.046585, 140.350876
282. 65.585846, 137.634415
283. 65.555893, 143.176743
284. 65.551613, 147.126434
285. 65.342712, 140.350876
286. 65.359718, 137.634415
287. 65.312981, 138.528137
288. 65.779076, 149.184158
289. 64.975075, 144.144150
290. 65.912849, 146.118729
291. 65.118256, 139.433548
292. 65.168938, 140.350876
293. 65.848053, 141.280365
294. 64.819969, 143.176743
295. 65.393745, 143.176743
296. 65.021332, 139.433548
297. 65.410782, 143.176743
298. 65.624397, 144.144150
299. 65.641548, 145.124725
300. 65.042374, 144.144150
301. 65.236641, 141.280365
302. 65.194313, 145.124725
303. 62.928070, 141.280365
304. 61.292679, 137.634415
305. 59.619602, 140.350876
306. 58.658897, 137.634415
307. 57.619404, 135.021103
308. 56.878937, 136.752136
309. 56.242138, 134.171906
310. 55.380310, 131.687241
311. 54.905163, 126.984131
312. 54.182686, 126.232742
313. 52.652214, 119.180634
314. 51.542068, 117.216118
315. 49.824425, 114.082001
316. 47.765976, 107.744110
317. 46.436935, 107.202682
318. 44.598259, 101.105850
319. 42.927135, 96.969704
320. 41.772392, 93.158661
321. 39.538372, 90.780144
322. 38.522663, 85.333336
323. 36.918850, 83.009079
324. 35.021946, 76.463562
325. 33.194885, 74.592079
326. 32.210487, 66.666672
327. 30.276014, 64.646469
328. 29.284994, 59.925095
329. 28.197624, 54.421772
330. 27.765913, 52.287582
331. 43.254242, 51.405624
332. 29.578119, 52.032520
333. 28.894213, 50.433414
334. 29.350010, 58.287796
335. 32.789711, 53.200333
336. 36.210968, 50.552925
337. 38.809856, 52.936314
338. 40.188381, 59.424328
339. 43.420612, 57.502247
340. 46.317055, 54.008442
341. 47.636887, 53.067993
342. 48.829197, 56.140354
343. 48.129799, 51.779938
344. 47.636887, 51.779938
345. 47.244877, 51.779938
346. 46.809055, 49.382717
347. 46.793793, 50.433414
348. 46.600628, 51.529793
349. 46.191418, 52.032520
350. 46.669899, 51.529793
351. 47.650440, 53.736359
352. 47.971237, 54.982819
353. 48.335876, 53.736359
354. 48.447758, 54.560955
355. 47.609798, 54.421772
356. 46.663395, 52.805283
357. 45.656166, 49.612404
358. 44.735275, 49.497295
359. 44.973572, 51.159073
360. 45.602287, 51.036686
361. 45.320473, 51.036686
362. 43.524067, 51.036686
363. 42.355278, 49.268669
364. 40.628799, 47.619049
365. 39.483990, 48.374908
366. 38.122162, 46.886448
367. 37.102905, 44.912281
368. 37.050911, 44.352047
369. 36.997700, 45.779686
370. 36.149734, 43.986256
371. 35.408268, 42.412193
372. 35.379589, 41.994751
373. 34.567677, 41.104691
374. 34.193565, 39.875389
375. 33.529438, 35.437431
376. 33.117199, 32.520325
377. 55.076721, 29.304029
378. 32.255989, 27.598103
379. 50.167751, 23.163229
380. 28.844440, 20.395157
381. 41.614944, 16.944666
382. 25.442125, 25.127602
383. 39.524372, 25.127602
384. 25.178167, 25.127602
385. 36.275032, 5.600770
386. 22.039871, 5.600770
387. 23.632996, 5.600770
388. 213.268845, 5.600770
389. 26.018635, 5.600770
390. 25.964842, 5.600770
391. 25.863247, 5.600770
392. 22.704788, 5.600770
393. 210.058456, 5.600770
394. 26.037514, 5.600770
395. 214.452408, 5.600770
396. 26.295790, 5.600770
397. 221.496811, 5.600770
398. 26.319901, 5.600770
399. 23.896053, 5.600770
400. 223.517151, 5.600770
401. 26.176582, 5.600770
402. 220.766769, 5.600770
403. 21.609446, 5.600770
404. 24.517071, 5.600770
405. 24.310627, 5.600770
406. 27.377775, 5.600770
407. 27.438335, 5.600770
408. 24.566227, 5.600770
409. 223.517151, 5.600770
410. 24.324753, 5.600770
411. 27.310053, 5.600770
412. 27.572369, 5.600770
413. 35.392052, 5.600770
414. 24.763008, 5.600770
415. 24.724617, 5.600770
416. 24.972897, 5.600770
417. 24.898014, 5.600770
418. 25.417025, 5.600770
419. 25.294804, 5.600770
