0. 26.167038, 0.000000
1. 84.671295, 0.000000
2. 26.362719, 0.000000
3. 26.441116, 0.000000
4. 26.199108, 0.000000
5. 26.550819, 0.000000
6. 26.619759, 0.000000
7. 26.938080, 0.000000
8. 27.152845, 0.000000
9. 27.582209, 0.000000
10. 27.703897, 0.000000
11. 27.718420, 0.000000
12. 27.531569, 0.000000
13. 41.320564, 0.000000
14. 27.572369, 0.000000
15. 27.767448, 0.000000
16. 27.964527, 0.000000
17. 28.021463, 0.000000
18. 28.056675, 0.000000
19. 27.877625, 0.000000
20. 27.910925, 0.000000
21. 42.861206, 0.000000
22. 27.740614, 0.000000
23. 27.808950, 0.000000
24. 27.565561, 0.000000
25. 27.918680, 0.000000
26. 42.888653, 0.000000
27. 27.623159, 0.000000
28. 28.064512, 0.000000
29. 28.516960, 0.000000
30. 48.349834, 0.000000
31. 28.353592, 0.000000
32. 28.721579, 0.000000
33. 28.028498, 0.000000
34. 28.090406, 0.000000
35. 42.502201, 0.000000
36. 28.099049, 0.000000
37. 28.088835, 0.000000
38. 28.259487, 0.000000
39. 43.808735, 0.000000
40. 27.978546, 0.000000
41. 42.688202, 0.000000
42. 27.580694, 0.000000
43. 27.374044, 0.000000
44. 27.487129, 0.000000
45. 43.770565, 0.000000
46. 27.542135, 0.000000
47. 27.511969, 0.000000
48. 45.285748, 0.000000
49. 27.302631, 0.000000
50. 27.484875, 0.000000
51. 27.436089, 0.000000
52. 27.518749, 0.000000
53. 27.122059, 0.000000
54. 27.128651, 0.000000
55. 27.534588, 0.000000
56. 27.771286, 0.000000
57. 27.390463, 0.000000
58. 41.470654, 0.000000
59. 27.253012, 0.000000
60. 26.985109, 0.000000
61. 27.108156, 0.000000
62. 26.893373, 0.000000
63. 40.128990, 0.000000
64. 26.626108, 0.000000
65. 93.845467, 0.000000
66. 27.182230, 0.000000
67. 26.909941, 0.000000
68. 42.853893, 0.000000
69. 26.880423, 0.000000
70. 27.015583, 0.000000
71. 26.940969, 0.000000
72. 26.525585, 0.000000
73. 26.564859, 0.000000
74. 43.096539, 0.000000
75. 27.049768, 0.000000
76. 26.986559, 0.000000
77. 43.100235, 0.000000
78. 27.113276, 0.000000
79. 27.261887, 0.000000
80. 27.358391, 0.000000
81. 27.057053, 0.000000
82. 27.097919, 0.000000
83. 27.502932, 0.000000
84. 27.607220, 0.000000
85. 46.244572, 0.000000
86. 27.891554, 0.000000
87. 45.108856, 0.000000
88. 45.826927, 0.000000
89. 27.656616, 0.000000
90. 27.636837, 0.000000
91. 27.488634, 0.000000
92. 27.320450, 0.000000
93. 27.436838, 0.000000
94. 29.293531, 0.000000
95. 30.893229, 0.000000
96. 37.458412, 0.000000
97. 42.630241, 0.000000
98. 45.363445, 0.550722
99. 46.960018, 16.499098
100. 47.383018, 35.975269
101. 47.666267, 23.443224
102. 48.729729, 30.607367
103. 50.863644, 36.097012
104. 54.217773, 38.858532
105. 56.295712, 41.748207
106. 59.555992, 45.878139
107. 60.539261, 48.595295
108. 62.026768, 51.282051
109. 63.464695, 53.736359
110. 63.324692, 58.287796
111. 63.990166, 60.952381
112. 63.726345, 63.116371
113. 63.900627, 68.157616
114. 63.573120, 69.489685
115. 64.018707, 72.810013
116. 63.864071, 77.858887
117. 63.536934, 75.382805
118. 63.738472, 82.051285
119. 63.722305, 81.424942
120. 63.352642, 86.720871
121. 63.653671, 86.369774
122. 63.476723, 89.635857
123. 63.074238, 91.559372
124. 63.113861, 93.158661
125. 62.164928, 92.753624
126. 62.559750, 96.096100
127. 62.346233, 98.310295
128. 61.337582, 100.156494
129. 61.502789, 102.564102
130. 60.524673, 104.575165
131. 60.733215, 107.202682
132. 59.996986, 106.135986
133. 60.032837, 112.280708
134. 59.358948, 111.111115
135. 59.376488, 110.535408
136. 59.062347, 111.692848
137. 59.198067, 111.111115
138. 59.184116, 115.942032
139. 58.173214, 115.942032
140. 58.116009, 115.315315
141. 57.988548, 118.518524
142. 58.372623, 119.850189
143. 57.642544, 119.850189
144. 58.267677, 124.031013
145. 57.945068, 126.232742
146. 58.426933, 121.212128
147. 58.298107, 127.744514
148. 58.796207, 124.756340
149. 59.626678, 124.031013
150. 59.793465, 129.292938
151. 60.397327, 130.081299
152. 60.306698, 127.744514
153. 60.998699, 127.744514
154. 61.150917, 130.879349
155. 62.103447, 130.081299
156. 61.775059, 128.514053
157. 62.396568, 135.021103
158. 62.061249, 135.021103
159. 63.018852, 137.634415
160. 63.149563, 135.881104
161. 63.653671, 140.350876
162. 63.544971, 141.280365
163. 64.194595, 141.280365
164. 63.847836, 137.634415
165. 63.994240, 135.021103
166. 64.035027, 141.280365
167. 64.648964, 140.350876
168. 64.379700, 139.433548
169. 64.565872, 138.528137
170. 64.578323, 138.528137
171. 64.532700, 144.144150
172. 64.962471, 140.350876
173. 64.711426, 137.634415
174. 64.899529, 139.433548
175. 64.728096, 139.433548
176. 65.059219, 140.350876
177. 64.962471, 143.176743
178. 65.329964, 139.433548
179. 65.067650, 142.222229
180. 65.521690, 142.222229
181. 64.828339, 142.222229
182. 65.274788, 142.222229
183. 64.882759, 140.350876
184. 65.215469, 147.126434
185. 65.177399, 140.350876
186. 65.295998, 144.144150
187. 63.105934, 140.350876
188. 61.292679, 135.021103
189. 59.481945, 137.634415
190. 58.693161, 136.752136
191. 57.851646, 132.505173
192. 56.895042, 130.879349
193. 56.160400, 135.021103
194. 55.597897, 130.081299
195. 55.055595, 128.514053
196. 54.288082, 127.744514
197. 53.630276, 125.490196
198. 53.035767, 125.490196
199. 52.467991, 121.904762
200. 52.054794, 123.314072
201. 51.502438, 121.904762
202. 51.080868, 117.863724
203. 50.487919, 119.850189
204. 49.958210, 115.942032
205. 49.335114, 112.874786
206. 48.443085, 113.475182
207. 47.994152, 111.111115
208. 47.461361, 109.965637
209. 46.876759, 107.744110
210. 46.379059, 107.202682
211. 45.998974, 108.843544
212. 45.560928, 104.065041
213. 44.673615, 102.564102
214. 43.946705, 101.587303
215. 42.821018, 97.412483
216. 41.896065, 93.158661
217. 40.910034, 92.753624
218. 40.202854, 91.168091
219. 39.541485, 90.014069
220. 38.451897, 85.676041
221. 37.108387, 83.009079
222. 35.958252, 78.720787
223. 35.869675, 78.144081
224. 34.675049, 75.650124
225. 33.627068, 73.563217
226. 33.008396, 66.458984
227. 54.758533, 66.458984
228. 32.823990, 66.666672
229. 32.823990, 62.745098
230. 34.191238, 64.451157
231. 35.076965, 63.872257
232. 35.295074, 67.085953
233. 35.009743, 61.127033
234. 35.585094, 65.239555
235. 35.542294, 64.257027
236. 35.810863, 65.239555
237. 36.044685, 63.303661
238. 35.999481, 65.239555
239. 36.030468, 65.439674
240. 36.268486, 64.257027
241. 36.958233, 60.606064
242. 37.477974, 60.952381
243. 37.479374, 56.140354
244. 38.690296, 59.259262
245. 40.167496, 57.502247
246. 40.517384, 57.657658
247. 42.371353, 55.846424
248. 44.330639, 56.888889
249. 46.383343, 57.347672
250. 48.917160, 58.447491
251. 50.699379, 59.424328
252. 51.952507, 61.302685
253. 53.667515, 61.835751
254. 54.845219, 64.646469
255. 56.264187, 64.646469
256. 57.589680, 67.510551
257. 58.406555, 68.595932
258. 59.079712, 67.085953
259. 59.736580, 70.175438
260. 59.647919, 70.175438
261. 59.772121, 70.175438
262. 60.994995, 77.015648
263. 60.876732, 73.817764
264. 61.782658, 78.720787
265. 61.893032, 80.503143
266. 62.280533, 82.687340
267. 62.280533, 83.009079
268. 62.798271, 86.369774
269. 62.509151, 87.074829
270. 62.265095, 90.780144
271. 62.107285, 92.753624
272. 61.756073, 96.096100
273. 61.729515, 96.969704
274. 60.987591, 101.105850
275. 61.191887, 101.587303
276. 60.342918, 105.090317
277. 60.766273, 102.564102
278. 59.957603, 108.291039
279. 60.321178, 109.401711
280. 59.534817, 109.401711
281. 59.453789, 114.695343
282. 59.177143, 112.280708
283. 59.121429, 115.942032
284. 58.706882, 116.575592
285. 58.961830, 113.475182
286. 58.233906, 118.518524
287. 58.761818, 119.850189
288. 57.988548, 118.518524
289. 57.985199, 120.527313
290. 57.672325, 121.904762
291. 58.075699, 121.212128
292. 58.136185, 127.744514
293. 58.906517, 125.490196
294. 58.927246, 124.756340
295. 59.499561, 126.984131
296. 59.506607, 130.081299
297. 60.411854, 130.879349
298. 60.263290, 125.490196
299. 60.954288, 130.879349
300. 61.544231, 130.879349
301. 61.273987, 133.333344
302. 61.893032, 131.687241
303. 61.885406, 136.752136
304. 62.841480, 131.687241
305. 62.540279, 130.879349
306. 63.400616, 136.752136
307. 63.268864, 137.634415
308. 64.396202, 140.350876
309. 63.827557, 139.433548
310. 64.478859, 136.752136
311. 64.169991, 138.528137
312. 64.778183, 140.350876
313. 64.437508, 141.280365
314. 65.012917, 142.222229
315. 64.970871, 137.634415
316. 64.545135, 141.280365
317. 65.508873, 144.144150
318. 64.462311, 137.634415
319. 64.886955, 141.280365
320. 65.245117, 137.634415
321. 64.962471, 142.222229
322. 65.211243, 141.280365
323. 64.907913, 138.528137
324. 65.423553, 134.171906
325. 65.012917, 146.118729
326. 65.822166, 143.176743
327. 64.815788, 143.176743
328. 65.504601, 144.144150
329. 64.861816, 139.433548
330. 65.577286, 143.176743
331. 65.321472, 143.176743
332. 65.427818, 142.222229
333. 64.912102, 139.433548
334. 65.508873, 139.433548
335. 65.135139, 145.124725
336. 65.736038, 145.124725
337. 65.398003, 137.634415
338. 65.211243, 142.222229
339. 65.632973, 147.126434
340. 64.845070, 146.118729
341. 65.059219, 143.176743
342. 65.223938, 141.280365
343. 65.461922, 141.280365
344. 64.987679, 142.222229
345. 65.351212, 140.350876
346. 65.223938, 145.124725
347. 65.402260, 142.222229
348. 65.585846, 144.144150
349. 65.173172, 143.176743
350. 62.735535, 139.433548
351. 61.006107, 140.350876
352. 59.686897, 136.752136
353. 58.796207, 137.634415
354. 57.978508, 139.433548
355. 57.186497, 135.021103
356. 56.507851, 132.505173
357. 55.826504, 130.879349
358. 55.249359, 132.505173
359. 54.719761, 132.505173
360. 54.124310, 124.756340
361. 53.699066, 127.744514
362. 53.077793, 126.984131
363. 52.807190, 122.605370
364. 52.127712, 124.756340
365. 51.754471, 121.904762
366. 51.104252, 117.863724
367. 50.681477, 115.942032
368. 49.804668, 114.695343
369. 49.115643, 109.965637
370. 47.918613, 109.965637
371. 46.070686, 106.666672
372. 45.159546, 102.564102
373. 44.562653, 100.156494
374. 42.866695, 96.530922
375. 41.899559, 97.412483
376. 40.850155, 91.954025
377. 39.702423, 89.260811
378. 38.549267, 86.021507
379. 37.538185, 84.993362
380. 36.130234, 79.601990
381. 35.421997, 80.503143
382. 35.393299, 80.503143
383. 35.006081, 80.808083
384. 34.997547, 82.051285
385. 34.536785, 78.431374
386. 34.633213, 80.808083
387. 34.370197, 76.738609
388. 33.338074, 73.563217
389. 32.155849, 67.297585
390. 30.649143, 67.724869
391. 46.789436, 62.196308
392. 28.975878, 56.587093
393. 44.064278, 49.728050
394. 28.224558, 46.477852
395. 28.522627, 43.537415
396. 28.592434, 32.421482
397. 29.278166, 29.795158
398. 49.510155, 26.501036
399. 28.486237, 27.245638
400. 35.635582, 49.960968
401. 38.146767, 32.128513
402. 42.326729, 29.920525
403. 45.929581, 33.177814
404. 46.789436, 34.188034
405. 46.291447, 36.036037
406. 46.787258, 38.231781
407. 45.074451, 37.558685
408. 43.508987, 37.624928
409. 41.460388, 37.691402
410. 40.031460, 36.781609
411. 40.512482, 38.027332
412. 41.520355, 37.296040
413. 41.301880, 37.230949
414. 40.793762, 36.342987
415. 72.058350, 35.437431
416. 37.230770, 33.862434
417. 35.982723, 33.648792
418. 35.352200, 31.280548
419. 34.148243, 31.418755
420. 32.942379, 29.795158
421. 32.221851, 30.917875
422. 31.418774, 28.406570
423. 49.476021, 26.633375
424. 30.061323, 26.501036
425. 50.845627, 26.337450
426. 30.192312, 26.733501
427. 48.784149, 26.666668
428. 29.740973, 26.800671
429. 51.021206, 26.435358
430. 29.864738, 25.952961
431. 52.141239, 25.518343
432. 30.036160, 25.702812
433. 29.828386, 25.579536
434. 29.920771, 47.093452
435. 48.869572, 25.336502
436. 30.134356, 54.421772
437. 30.171459, 24.662813
438. 30.155159, 54.008442
439. 30.256868, 24.214909
440. 30.344595, 24.777391
441. 30.384974, 24.353121
442. 30.066721, 46.477852
443. 29.981485, 23.443224
444. 29.824844, 22.361986
445. 29.882504, 20.792723
446. 29.871843, 19.030628
447. 29.640074, 17.400763
448. 28.966688, 31.511572
449. 28.357594, 14.308071
450. 44.006374, 11.111112
451. 26.900574, 11.111112
452. 26.801546, 8.509507
453. 26.787254, 8.509507
454. 26.205940, 8.509507
455. 25.862581, 8.509507
456. 38.687313, 8.509507
457. 25.606829, 8.509507
458. 25.810759, 8.509507
459. 25.999783, 8.509507
460. 25.841961, 8.509507
461. 26.369638, 8.509507
462. 26.699696, 8.509507
463. 41.124374, 8.509507
464. 26.793684, 8.509507
465. 26.650827, 8.509507
466. 40.380592, 8.509507
467. 27.135977, 8.509507
468. 26.951086, 8.509507
469. 41.939789, 8.509507
470. 27.554977, 8.509507
471. 27.810490, 8.509507
472. 27.969198, 8.509507
473. 28.387239, 8.509507
474. 46.432644, 8.509507
475. 27.860617, 8.509507
476. 27.880718, 8.509507
477. 28.009745, 8.509507
478. 28.007402, 8.509507
479. 28.015993, 8.509507
480. 28.274597, 8.509507
481. 28.384834, 8.509507
482. 42.670074, 8.509507
