0. 26.084158, 0.000000
1. 26.765133, 0.000000
2. 42.430405, 0.000000
3. 26.835192, 0.000000
4. 26.800831, 0.000000
5. 41.468945, 0.000000
6. 26.770838, 0.000000
7. 26.887617, 0.000000
8. 42.425030, 0.000000
9. 27.025757, 0.000000
10. 26.908501, 0.000000
11. 41.608047, 0.000000
12. 26.597914, 0.000000
13. 26.779402, 0.000000
14. 43.550480, 0.000000
15. 26.790112, 0.000000
16. 26.800831, 0.000000
17. 47.342831, 0.000000
18. 217.328476, 0.000000
19. 44.426689, 0.000000
20. 38.139526, 15.605950
21. 42.218235, 15.605950
22. 45.532021, 15.605950
23. 45.937981, 13.095969
24. 47.176109, 17.176598
25. 47.718334, 25.984573
26. 48.452427, 30.303032
27. 51.326160, 34.632034
28. 53.814117, 38.647343
29. 56.476086, 41.504539
30. 58.754944, 45.878139
31. 60.440929, 48.048050
32. 61.881596, 50.914879
33. 63.815395, 55.267704
34. 63.400616, 58.128975
35. 64.157700, 62.196308
36. 63.722305, 64.257027
37. 64.231529, 67.510551
38. 63.440651, 70.874863
39. 63.880314, 73.310425
40. 63.823502, 75.919334
41. 63.730389, 76.738609
42. 63.058403, 80.808083
43. 63.440651, 80.808083
44. 63.244968, 85.333336
45. 63.169415, 83.660133
46. 62.939896, 87.074829
47. 63.030712, 87.074829
48. 62.419830, 93.567253
49. 61.965557, 93.158661
50. 62.350101, 97.859329
51. 61.665104, 98.765434
52. 61.672676, 102.073372
53. 60.873043, 100.628937
54. 61.028339, 105.610565
55. 60.321178, 104.575165
56. 60.477310, 106.135986
57. 59.443233, 108.291039
58. 59.453789, 106.135986
59. 58.982597, 109.965637
60. 59.208530, 112.874786
61. 58.569988, 113.475182
62. 59.027645, 117.216118
63. 58.173214, 114.695343
64. 58.532452, 119.180634
65. 57.998589, 119.850189
66. 58.166477, 120.527313
67. 57.290844, 117.863724
68. 57.951756, 122.605370
69. 58.183319, 121.904762
70. 57.718708, 118.518524
71. 58.372623, 129.292938
72. 58.095844, 128.514053
73. 59.422142, 127.744514
74. 59.637299, 128.514053
75. 60.137043, 127.744514
76. 59.765007, 127.744514
77. 60.245220, 131.687241
78. 60.707527, 133.333344
79. 61.805462, 130.879349
80. 61.061722, 128.514053
81. 61.816868, 131.687241
82. 61.420074, 133.333344
83. 62.180317, 132.505173
84. 62.323029, 132.505173
85. 63.090084, 140.350876
86. 62.755127, 135.021103
87. 63.416622, 131.687241
88. 63.078201, 134.171906
89. 63.994240, 138.528137
90. 63.540955, 137.634415
91. 64.108574, 137.634415
92. 64.264397, 134.171906
93. 63.831612, 140.350876
94. 64.202797, 145.124725
95. 64.392075, 142.222229
96. 64.043190, 135.881104
97. 64.363197, 136.752136
98. 64.227425, 141.280365
99. 64.849258, 147.126434
100. 65.291756, 140.350876
101. 64.276733, 138.528137
102. 65.050797, 147.126434
103. 64.794891, 145.124725
104. 65.291756, 143.176743
105. 64.669769, 136.752136
106. 65.135139, 139.433548
107. 64.815788, 146.118729
108. 65.487518, 142.222229
109. 65.147812, 140.350876
110. 65.398003, 141.280365
111. 65.109818, 141.280365
112. 65.560165, 144.144150
113. 64.824158, 141.280365
114. 65.291756, 136.752136
115. 65.080292, 139.433548
116. 65.697350, 145.124725
117. 65.143585, 145.124725
118. 65.355469, 143.176743
119. 65.000298, 139.433548
120. 32.473885, 142.222229
121. 65.590126, 146.118729
122. 64.466446, 142.222229
123. 61.147194, 138.528137
124. 59.925419, 135.881104
125. 58.443928, 136.752136
126. 57.323532, 132.505173
127. 56.116486, 127.744514
128. 54.675095, 123.314072
129. 53.080597, 121.212128
130. 51.976696, 114.695343
131. 50.531086, 115.315315
132. 48.748646, 109.965637
133. 46.229675, 106.666672
134. 44.544872, 102.564102
135. 42.919800, 97.412483
136. 41.582218, 93.979446
137. 39.961403, 91.559372
138. 38.857887, 87.074829
139. 37.018147, 84.656090
140. 35.787903, 80.503143
141. 35.010960, 77.575760
142. 33.675533, 75.117371
143. 32.339050, 71.588371
144. 31.546032, 70.407043
145. 30.974182, 69.264069
146. 30.757042, 65.040649
147. 30.023594, 66.047470
148. 30.020006, 65.239555
149. 29.584215, 63.303661
150. 29.741854, 64.064064
151. 30.088331, 61.479347
152. 29.392942, 62.015507
153. 28.819618, 61.657036
154. 30.502127, 64.842964
155. 31.971664, 58.769516
156. 31.290590, 61.835751
157. 32.096272, 59.259262
158. 55.807896, 61.302685
159. 31.922905, 63.681595
160. 31.943203, 59.757236
161. 31.891493, 59.925095
162. 31.044048, 61.127033
163. 49.434635, 56.437393
164. 31.581730, 56.437393
165. 58.758381, 54.841476
166. 33.985371, 57.657658
167. 34.578384, 54.560955
168. 38.061504, 58.931862
169. 39.490196, 55.555557
170. 39.999584, 54.700855
171. 40.191597, 57.041000
172. 40.066582, 54.700855
173. 40.555000, 52.805283
174. 40.571377, 54.145519
175. 41.072258, 53.872055
176. 40.749088, 50.793652
177. 40.810333, 51.654560
178. 41.417660, 50.673004
179. 41.337566, 50.552925
180. 41.496346, 48.929665
181. 41.352879, 50.078247
182. 42.484230, 51.282051
183. 44.787125, 51.159073
184. 46.957821, 50.673004
185. 47.716068, 54.421772
186. 49.036533, 54.145519
187. 50.386639, 54.700855
188. 50.442291, 58.128975
189. 51.252846, 60.434376
190. 51.497158, 56.587093
191. 52.977039, 59.424328
192. 53.918083, 62.561096
193. 54.618622, 57.971016
194. 55.212925, 61.657036
195. 55.016403, 65.843620
196. 55.322369, 65.641029
197. 54.839233, 68.817207
198. 55.468975, 71.588371
199. 55.328465, 74.074074
200. 56.028862, 73.563217
201. 57.076042, 74.074074
202. 58.335339, 79.900124
203. 58.820301, 79.601990
204. 59.647919, 82.687340
205. 59.850452, 83.989502
206. 60.332047, 87.074829
207. 60.018494, 88.520058
208. 60.769947, 90.395485
209. 60.144241, 90.780144
210. 60.744228, 96.096100
211. 60.191082, 95.238098
212. 60.608646, 98.765434
213. 59.868286, 100.628937
214. 60.176662, 102.564102
215. 59.697536, 105.610565
216. 59.485470, 104.065041
217. 59.208530, 109.401711
218. 59.083183, 107.202682
219. 58.467735, 111.111115
220. 59.114471, 111.692848
221. 58.244034, 113.475182
222. 58.909973, 117.216118
223. 58.048855, 114.695343
224. 58.075699, 117.216118
225. 57.894985, 116.575592
226. 58.018684, 118.518524
227. 57.652470, 121.212128
228. 58.179951, 121.212128
229. 57.848316, 121.904762
230. 58.614407, 124.756340
231. 58.331955, 127.744514
232. 58.882351, 126.984131
233. 58.682877, 122.605370
234. 59.555992, 127.744514
235. 59.800583, 130.081299
236. 60.147842, 127.744514
237. 60.408222, 131.687241
238. 61.270248, 130.879349
239. 61.080284, 131.687241
240. 61.619720, 129.292938
241. 61.517853, 135.021103
242. 62.357841, 135.881104
243. 62.672920, 131.687241
244. 62.759045, 135.021103
245. 63.356636, 139.433548
246. 63.292778, 136.752136
247. 63.388615, 132.505173
248. 64.108574, 135.881104
249. 63.868130, 138.528137
250. 64.962471, 143.176743
251. 64.227425, 137.634415
252. 64.169991, 139.433548
253. 65.084511, 139.433548
254. 64.966667, 139.433548
255. 65.088722, 140.350876
256. 64.945671, 141.280365
257. 65.253593, 139.433548
258. 65.211243, 142.222229
259. 65.470451, 145.124725
260. 65.143585, 138.528137
261. 64.886955, 141.280365
262. 65.262070, 137.634415
263. 65.325722, 144.144150
264. 65.436340, 143.176743
265. 64.962471, 143.176743
266. 65.295998, 137.634415
267. 64.996094, 138.528137
268. 65.355469, 140.350876
269. 65.126694, 144.144150
270. 65.525963, 142.222229
271. 65.042374, 137.634415
272. 65.363968, 146.118729
273. 65.283272, 144.144150
274. 65.500328, 144.144150
275. 65.130920, 139.433548
276. 65.232407, 142.222229
277. 65.513145, 147.126434
278. 65.393745, 143.176743
279. 65.568726, 142.222229
280. 64.970871, 138.528137
281. 65.232407, 143.176743
282. 65.389496, 146.118729
283. 32.664982, 141.280365
284. 65.363968, 144.144150
285. 65.177399, 143.176743
286. 65.185852, 144.144150
287. 65.504601, 143.176743
288. 65.194313, 142.222229
289. 64.736443, 145.124725
290. 63.888435, 138.528137
291. 61.782658, 141.280365
292. 59.868286, 137.634415
293. 59.048462, 137.634415
294. 58.277817, 141.280365
295. 57.738609, 136.752136
296. 56.840324, 138.528137
297. 56.053871, 133.333344
298. 55.426136, 128.514053
299. 54.767487, 128.514053
300. 53.779549, 124.756340
301. 52.627392, 119.180634
302. 50.794216, 115.942032
303. 48.748646, 112.280708
304. 47.273777, 107.202682
305. 45.944283, 105.090317
306. 43.985184, 98.310295
307. 42.666451, 95.238098
308. 41.716888, 91.559372
309. 39.487091, 88.520058
310. 38.249878, 83.989502
311. 36.430241, 81.115341
312. 34.828911, 76.190475
313. 55.493484, 74.853806
314. 32.646938, 69.716774
315. 32.615147, 68.376068
316. 31.983877, 65.439674
317. 51.912243, 60.606064
318. 30.785316, 58.931862
319. 30.031672, 57.657658
320. 29.194792, 53.067993
321. 43.935173, 55.124893
322. 28.080200, 50.673004
323. 42.349922, 48.706242
324. 28.027718, 47.619049
325. 28.396065, 42.924213
326. 31.419756, 50.196079
327. 33.325912, 50.433414
328. 35.035378, 50.196079
329. 36.356415, 50.793652
330. 37.355354, 49.382717
331. 38.191719, 52.936314
332. 38.499046, 48.265461
333. 37.064579, 50.793652
334. 36.532238, 43.184887
335. 36.874134, 41.912247
336. 38.644161, 43.537415
337. 39.354076, 45.293701
338. 39.516602, 43.448746
339. 40.466793, 43.715847
340. 41.213783, 44.630405
341. 41.479218, 42.838020
342. 42.243088, 43.184887
343. 41.873367, 42.838020
344. 42.450127, 47.512993
345. 42.507599, 44.444447
346. 43.280331, 44.444447
347. 42.831970, 43.097645
348. 42.804600, 44.168392
349. 43.148361, 42.752171
350. 42.403545, 42.666668
351. 42.460888, 40.790314
352. 43.282192, 41.585445
353. 43.639385, 42.666668
354. 43.325123, 42.838020
355. 43.573143, 42.924213
356. 44.221371, 43.272484
357. 44.519211, 44.912281
358. 44.643837, 44.817928
359. 45.716412, 45.681656
360. 46.626579, 46.276211
361. 45.658241, 46.176048
362. 43.992886, 45.878139
363. 42.050373, 45.390072
364. 40.576290, 44.168392
365. 39.374126, 45.293701
366. 38.080261, 43.895748
367. 36.914780, 42.160740
368. 35.546066, 40.634922
369. 34.213360, 39.506172
370. 54.529690, 37.624928
371. 31.754412, 35.975269
372. 30.091034, 32.225578
373. 29.524231, 30.784031
374. 28.385635, 26.700043
375. 41.323963, 24.024025
376. 26.327488, 21.419010
377. 25.763765, 17.987635
378. 37.229389, 17.987635
379. 226.541046, 13.998251
380. 27.707718, 13.998251
381. 27.893877, 8.405569
382. 25.279528, 8.405569
383. 25.928658, 8.405569
384. 27.125721, 8.405569
385. 27.016310, 8.405569
386. 40.568100, 8.405569
387. 27.087692, 8.405569
388. 27.151377, 8.405569
389. 27.231592, 8.405569
390. 27.251534, 8.405569
391. 43.770565, 8.405569
392. 27.435339, 8.405569
393. 27.267065, 8.405569
394. 42.075027, 8.405569
395. 26.896254, 8.405569
396. 39.779449, 8.405569
397. 26.848099, 8.405569
398. 26.635284, 8.405569
399. 27.009773, 8.405569
400. 41.269646, 8.405569
401. 26.674885, 8.405569
402. 39.858356, 8.405569
403. 26.223040, 8.405569
404. 26.643761, 8.405569
