0. 28.863501, 0.000000
1. 40.039436, 0.000000
2. 39.986847, 0.000000
3. 25.905258, 0.000000
4. 25.885902, 0.000000
5. 26.260052, 0.000000
6. 26.460615, 0.000000
7. 26.209358, 0.000000
8. 26.328176, 0.000000
9. 26.342674, 0.000000
10. 26.039539, 0.000000
11. 26.193644, 0.000000
12. 25.894577, 0.000000
13. 26.175219, 0.000000
14. 26.330248, 0.000000
15. 38.641190, 0.000000
16. 26.429293, 0.000000
17. 25.964170, 0.000000
18. 26.135046, 0.000000
19. 26.286846, 0.000000
20. 42.733597, 0.000000
21. 26.274473, 0.000000
22. 80.751450, 0.000000
23. 26.354420, 0.000000
24. 26.141846, 0.000000
25. 39.776299, 0.000000
26. 26.216198, 0.000000
27. 26.227833, 0.000000
28. 40.186775, 0.000000
29. 26.696148, 0.000000
30. 26.465494, 0.000000
31. 41.376720, 0.000000
32. 27.205784, 0.000000
33. 27.058510, 0.000000
34. 27.468342, 0.000000
35. 27.130848, 0.000000
36. 27.191057, 0.000000
37. 40.353024, 0.000000
38. 26.482237, 0.000000
39. 26.679844, 0.000000
40. 40.678146, 0.000000
41. 26.990908, 0.000000
42. 27.097919, 0.000000
43. 26.899855, 0.000000
44. 26.482935, 0.000000
45. 26.700405, 0.000000
46. 40.254398, 0.000000
47. 26.330248, 0.000000
48. 26.504591, 0.000000
49. 40.633728, 0.000000
50. 26.069944, 0.000000
51. 39.014816, 0.000000
52. 25.803467, 0.000000
53. 25.936689, 0.000000
54. 42.015205, 0.000000
55. 25.877903, 0.000000
56. 26.009205, 0.000000
57. 26.101776, 0.000000
58. 26.307495, 0.000000
59. 26.381409, 0.000000
60. 26.259365, 0.000000
61. 41.901306, 0.000000
62. 25.969540, 0.000000
63. 38.746994, 0.000000
64. 26.280659, 0.000000
65. 26.326107, 0.000000
66. 40.304459, 0.000000
67. 26.065886, 0.000000
68. 26.106524, 0.000000
69. 39.983665, 0.000000
70. 26.147968, 0.000000
71. 25.932005, 0.000000
72. 25.569683, 0.000000
73. 25.910604, 0.000000
74. 25.657837, 0.000000
75. 25.726822, 0.000000
76. 39.033005, 0.000000
77. 25.772356, 0.000000
78. 25.989693, 0.000000
79. 25.980957, 0.000000
80. 25.950758, 0.000000
81. 25.321577, 0.000000
82. 25.524212, 0.000000
83. 36.362995, 0.000000
84. 25.476965, 0.000000
85. 25.415739, 0.000000
86. 36.439487, 0.000000
87. 36.898510, 0.000000
88. 25.595087, 0.000000
89. 25.959475, 0.000000
90. 39.599148, 0.000000
91. 25.672916, 0.000000
92. 25.770374, 0.000000
93. 26.042238, 0.000000
94. 38.538918, 0.000000
95. 26.013918, 0.000000
96. 41.254395, 0.000000
97. 26.162949, 0.000000
98. 26.180674, 0.000000
99. 43.340073, 0.000000
100. 26.397350, 0.000000
101. 26.473166, 0.000000
102. 39.275616, 0.000000
103. 25.897245, 0.000000
104. 25.773680, 0.000000
105. 25.818054, 0.000000
106. 25.946737, 0.000000
107. 25.823362, 0.000000
108. 26.089575, 0.000000
109. 41.749825, 0.000000
110. 26.364101, 0.000000
111. 26.464798, 0.000000
112. 43.192879, 0.000000
113. 26.548716, 0.000000
114. 25.998436, 0.000000
115. 26.032118, 0.000000
116. 26.195692, 0.000000
117. 26.304052, 0.000000
118. 25.893909, 0.000000
119. 41.544392, 0.000000
120. 25.919292, 0.000000
121. 25.647356, 0.000000
122. 25.619888, 0.000000
123. 25.412525, 0.000000
124. 39.205116, 0.000000
125. 25.762444, 0.000000
126. 26.050341, 0.000000
127. 26.341982, 0.000000
128. 25.830666, 0.000000
129. 26.114666, 0.000000
130. 26.409840, 0.000000
131. 40.041031, 0.000000
132. 26.171127, 0.000000
133. 26.316454, 0.000000
134. 26.095675, 0.000000
135. 26.106524, 0.000000
136. 25.962830, 0.000000
137. 26.007858, 0.000000
138. 26.240162, 0.000000
139. 38.733551, 0.000000
140. 26.119419, 0.000000
141. 25.923975, 0.000000
142. 25.965513, 0.000000
143. 25.923975, 0.000000
144. 26.225779, 0.000000
145. 26.154095, 0.000000
146. 40.424461, 0.000000
147. 26.100420, 0.000000
148. 75.587540, 0.000000
149. 25.644739, 0.000000
150. 25.935350, 0.000000
151. 38.806858, 0.000000
152. 26.048315, 0.000000
153. 26.478746, 0.000000
154. 40.299610, 0.000000
155. 26.393190, 0.000000
156. 26.071297, 0.000000
157. 25.627731, 0.000000
158. 26.185452, 0.000000
159. 41.359688, 0.000000
160. 26.233311, 0.000000
161. 26.192961, 0.000000
162. 26.095675, 0.000000
163. 42.558014, 0.000000
164. 26.009878, 0.000000
165. 25.940708, 0.000000
166. 40.159466, 0.000000
167. 25.972225, 0.000000
168. 26.207308, 0.000000
169. 41.546108, 0.000000
170. 25.718918, 0.000000
171. 38.535961, 0.000000
172. 26.017960, 0.000000
173. 26.054394, 0.000000
174. 25.362488, 0.000000
175. 25.873903, 0.000000
176. 25.917288, 0.000000
177. 40.210899, 0.000000
178. 25.832659, 0.000000
179. 25.921299, 0.000000
180. 41.264561, 0.000000
181. 25.950758, 0.000000
182. 25.869240, 0.000000
183. 26.137085, 0.000000
184. 25.877235, 0.000000
185. 39.189827, 0.000000
186. 26.251818, 0.000000
187. 26.171808, 0.000000
188. 40.340061, 0.000000
189. 26.019308, 0.000000
190. 26.046965, 0.000000
191. 26.032118, 0.000000
192. 26.147968, 0.000000
193. 26.192278, 0.000000
194. 25.965513, 0.000000
195. 38.368195, 0.000000
196. 26.204575, 0.000000
197. 40.701218, 0.000000
198. 26.582432, 0.000000
199. 26.823729, 0.000000
200. 26.573292, 0.000000
201. 26.324038, 0.000000
202. 26.173172, 0.000000
203. 40.388710, 0.000000
204. 26.506689, 0.000000
205. 40.214119, 0.000000
206. 26.367561, 0.000000
207. 26.571182, 0.000000
208. 26.307495, 0.000000
209. 26.621876, 0.000000
210. 26.510187, 0.000000
211. 41.097458, 0.000000
212. 26.266230, 0.000000
213. 26.308874, 0.000000
214. 40.678146, 0.000000
215. 26.269665, 0.000000
216. 26.312319, 0.000000
217. 39.993217, 0.000000
218. 26.805122, 0.000000
219. 26.116703, 0.000000
220. 40.398453, 0.000000
221. 26.747320, 0.000000
222. 26.471073, 0.000000
223. 26.692602, 0.000000
224. 26.099741, 0.000000
225. 25.802803, 0.000000
226. 25.982971, 0.000000
227. 26.037514, 0.000000
228. 25.978270, 0.000000
229. 25.447281, 0.000000
230. 39.633514, 0.000000
231. 32.278790, 0.000000
232. 36.844387, 0.000000
233. 40.905037, 7.682151
234. 44.085545, 7.682151
235. 46.355522, 11.475704
236. 46.815598, 18.946123
237. 47.916328, 26.834383
238. 48.086033, 29.670839
239. 50.258095, 34.353195
240. 52.489922, 37.230949
241. 55.810997, 41.184044
242. 57.844986, 45.293701
243. 59.878990, 47.197643
244. 61.236641, 49.382717
245. 62.825760, 53.872055
246. 62.845409, 57.971016
247. 64.022781, 59.757236
248. 63.424629, 64.646469
249. 63.864071, 66.875656
250. 63.673843, 68.817207
251. 64.104485, 73.817764
252. 63.484745, 74.074074
253. 63.698063, 77.575760
254. 62.743370, 79.012344
255. 63.504807, 81.736916
256. 63.388615, 85.333336
257. 62.908371, 84.321480
258. 63.018852, 88.520058
259. 62.427586, 89.260811
260. 62.338497, 94.814819
261. 61.816868, 94.814819
262. 61.684036, 97.412483
263. 61.442612, 98.765434
264. 61.438854, 101.105850
265. 60.898869, 103.059586
266. 61.009811, 102.073372
267. 60.451839, 107.202682
268. 60.524673, 106.666672
269. 59.825508, 112.280708
270. 59.623142, 110.535408
271. 59.637299, 109.401711
272. 59.443233, 115.942032
273. 59.208530, 113.475182
274. 59.110992, 114.082001
275. 58.847862, 114.695343
276. 58.720604, 115.942032
277. 58.975674, 119.180634
278. 58.539272, 118.518524
279. 58.379406, 116.575592
280. 58.237282, 128.514053
281. 58.559746, 121.212128
282. 57.908333, 126.984131
283. 58.328568, 126.232742
284. 58.724037, 128.514053
285. 59.814823, 127.744514
286. 59.868286, 130.081299
287. 60.663540, 128.514053
288. 60.361042, 130.081299
289. 60.630592, 127.744514
290. 61.386299, 130.879349
291. 61.578178, 133.333344
292. 62.068916, 132.505173
293. 61.999973, 130.879349
294. 62.672920, 130.879349
295. 62.700298, 135.021103
296. 63.276833, 129.292938
297. 63.364628, 134.171906
298. 63.657703, 136.752136
299. 63.884377, 137.634415
300. 64.272621, 135.021103
301. 63.896564, 132.505173
302. 64.774002, 137.634415
303. 64.342590, 138.528137
304. 65.097160, 141.280365
305. 64.165894, 137.634415
306. 65.042374, 139.433548
307. 64.227425, 141.280365
308. 64.891144, 141.280365
309. 64.694756, 138.528137
310. 65.504601, 138.528137
311. 65.279030, 146.118729
312. 64.799072, 143.176743
313. 65.173172, 141.280365
314. 65.055008, 140.350876
315. 65.042374, 143.176743
316. 65.581566, 144.144150
317. 65.312981, 142.222229
318. 65.577286, 138.528137
319. 64.916298, 140.350876
320. 65.693054, 141.280365
321. 65.363968, 144.144150
322. 65.236641, 142.222229
323. 65.385239, 143.176743
324. 65.300247, 143.176743
325. 65.380981, 145.124725
326. 65.543060, 146.118729
327. 64.740616, 138.528137
328. 65.236641, 137.634415
329. 65.207008, 141.280365
330. 65.727432, 141.280365
331. 65.491791, 143.176743
332. 65.190086, 141.280365
333. 65.143585, 137.634415
334. 63.782986, 139.433548
335. 60.972786, 137.634415
336. 59.640839, 134.171906
337. 57.871643, 128.514053
338. 56.795341, 129.292938
339. 55.582516, 126.232742
340. 54.255836, 124.031013
341. 53.094624, 119.850189
342. 51.885433, 120.527313
343. 50.526001, 114.695343
344. 49.568779, 113.475182
345. 48.079128, 109.401711
346. 47.070019, 105.610565
347. 46.089710, 105.610565
348. 44.803101, 101.105850
349. 43.837410, 103.059586
350. 42.740868, 97.412483
351. 41.628738, 95.238098
352. 40.545181, 93.158661
353. 39.591347, 89.635857
354. 38.620396, 86.369774
355. 37.867840, 84.321480
356. 36.251472, 80.808083
357. 35.429493, 81.736916
358. 34.783089, 77.858887
359. 34.022198, 76.738609
360. 33.385712, 72.562363
361. 32.910007, 74.074074
362. 57.186497, 71.829407
363. 31.844994, 69.264069
364. 31.373644, 71.111115
365. 31.164415, 68.817207
366. 31.128689, 69.945358
367. 30.540142, 67.940552
368. 30.249580, 65.239555
369. 30.366608, 64.842964
370. 29.733932, 65.439674
371. 29.823074, 64.064064
372. 29.890505, 63.492065
373. 29.826616, 62.745098
374. 29.739212, 62.561096
375. 29.522495, 62.378170
376. 29.661949, 62.745098
377. 29.598160, 60.778728
378. 29.429102, 62.015507
379. 29.357729, 58.447491
380. 28.827888, 57.657658
381. 43.628014, 58.447491
382. 27.295216, 51.905922
383. 27.494652, 51.405624
384. 27.173407, 49.728050
385. 26.708214, 50.314468
386. 26.756580, 46.076317
387. 26.357878, 45.779686
388. 25.870573, 43.895748
389. 26.606365, 44.444447
390. 27.660423, 42.328045
391. 29.564194, 43.626450
392. 34.115776, 41.748207
393. 35.327339, 41.830067
394. 38.415138, 44.168392
395. 41.906551, 48.265461
396. 45.244961, 48.156509
397. 47.001759, 47.940075
398. 48.164410, 50.673004
399. 49.277039, 51.779938
400. 49.578564, 51.159073
401. 50.604893, 51.654560
402. 50.912617, 50.552925
403. 51.725163, 54.421772
404. 51.618862, 54.700855
405. 52.276890, 54.283291
406. 53.170490, 54.421772
407. 54.203148, 56.437393
408. 55.137173, 58.287796
409. 55.613281, 60.778728
410. 56.226402, 62.745098
411. 56.358868, 61.302685
412. 56.113350, 63.681595
413. 54.995323, 64.451157
414. 54.827263, 65.641029
415. 55.438370, 67.940552
416. 55.383362, 69.039917
417. 55.542572, 69.945358
418. 55.826504, 72.810013
419. 56.699184, 74.853806
420. 57.105240, 75.650124
421. 58.257542, 73.059364
422. 58.126095, 79.012344
423. 58.621246, 80.808083
424. 58.062271, 82.051285
425. 57.955097, 84.321480
426. 57.530323, 84.993362
427. 57.791748, 89.260811
428. 57.375912, 87.074829
429. 56.808186, 90.780144
430. 55.551785, 88.520058
431. 51.823879, 90.395485
432. 49.371479, 87.431694
433. 47.528717, 88.888893
434. 45.935879, 88.520058
435. 43.858459, 88.154274
436. 42.684578, 84.993362
437. 41.479218, 83.333336
438. 40.132198, 79.601990
439. 38.316982, 74.853806
440. 35.924824, 71.348946
441. 34.859119, 69.264069
442. 33.478043, 67.297585
443. 32.871243, 62.930187
444. 30.993292, 60.952381
445. 30.516024, 59.095108
446. 29.627836, 55.411259
447. 28.870134, 52.032520
448. 28.666674, 49.960968
449. 27.749809, 45.486855
450. 39.828335, 40.327663
451. 27.011227, 39.433151
452. 26.921478, 33.023735
453. 27.284096, 58.931862
454. 28.292114, 27.315409
455. 28.833679, 23.943136
456. 29.454123, 19.393940
457. 29.774466, 17.135208
458. 30.221373, 17.135208
459. 29.288408, 12.190476
460. 28.944990, 12.190476
461. 27.059969, 12.190476
462. 38.550747, 12.190476
463. 25.614010, 12.190476
464. 24.789282, 12.190476
465. 24.605333, 12.190476
466. 225.069351, 12.190476
467. 227.876968, 12.190476
468. 24.462152, 12.190476
469. 225.271210, 12.190476
470. 24.215120, 12.190476
471. 223.169601, 12.190476
472. 22.030689, 12.190476
473. 24.774000, 12.190476
474. 24.863510, 12.190476
475. 24.938185, 12.190476
476. 24.972897, 12.190476
477. 25.061975, 12.190476
478. 25.186373, 12.190476
479. 36.993614, 12.190476
480. 25.519026, 12.190476
481. 25.160511, 12.190476
482. 25.447281, 12.190476
483. 36.183582, 12.190476
484. 30.753277, 12.190476
485. 52.097980, 12.190476
486. 34.483440, 12.190476
487. 34.704994, 12.190476
488. 33.210247, 12.190476
489. 32.827209, 12.190476
490. 32.254955, 12.190476
491. 32.415215, 12.190476
492. 33.497017, 12.190476
493. 34.585526, 12.190476
494. 34.990234, 12.190476
495. 35.420750, 12.190476
496. 35.725548, 12.190476
497. 36.673588, 1.507550
498. 37.427715, 1.507550
499. 37.916431, 1.507550
500. 37.795193, 1.507550
501. 37.398457, 1.507550
502. 36.828178, 1.507550
503. 36.516304, 1.507550
504. 36.165348, 1.507550
505. 36.744671, 1.507550
506. 37.640850, 1.507550
507. 38.065830, 1.507550
508. 41.327366, 1.507550
509. 44.497524, 1.507550
510. 44.000595, 17.358286
511. 44.564629, 13.008130
512. 45.062325, 25.579536
513. 46.798153, 29.878618
514. 49.250469, 31.280548
515. 51.869362, 36.036037
516. 55.288883, 39.653038
517. 57.395576, 43.272484
518. 59.818382, 44.723972
519. 60.943199, 48.374908
520. 63.003044, 52.805283
521. 63.384617, 56.288479
522. 64.108574, 58.769516
523. 63.661739, 62.561096
524. 64.088127, 66.666672
525. 63.945366, 67.510551
526. 64.334351, 72.562363
527. 63.553013, 73.310425
528. 63.738472, 77.575760
529. 63.965721, 79.012344
530. 63.597263, 83.660133
531. 63.141628, 86.369774
532. 63.645607, 88.520058
533. 62.778652, 91.954025
534. 62.845409, 91.559372
535. 62.103447, 91.559372
536. 62.222675, 96.969704
537. 61.517853, 99.224808
538. 61.813065, 101.105850
539. 61.043171, 100.156494
540. 61.206795, 104.575165
541. 60.462753, 102.073372
542. 60.455475, 107.202682
543. 60.119049, 111.111115
544. 60.321178, 106.666672
545. 59.637299, 110.535408
546. 59.829071, 107.202682
547. 59.439720, 112.280708
548. 59.697536, 115.942032
549. 59.110992, 114.082001
550. 59.492512, 119.180634
551. 58.892704, 117.863724
552. 59.006847, 120.527313
553. 58.359058, 119.850189
554. 58.710312, 125.490196
555. 58.206917, 126.232742
556. 58.634933, 124.756340
557. 58.851311, 128.514053
558. 60.126247, 124.756340
559. 60.090286, 128.514053
560. 60.828815, 131.687241
561. 60.902561, 130.879349
562. 61.457645, 131.687241
563. 61.733307, 129.292938
564. 62.045918, 134.171906
565. 62.849342, 134.171906
566. 62.739452, 131.687241
567. 63.094044, 136.752136
568. 63.807289, 133.333344
569. 64.239738, 137.634415
570. 64.194595, 138.528137
571. 64.895332, 138.528137
572. 64.557579, 138.528137
573. 64.983482, 140.350876
574. 64.648964, 136.752136
575. 64.962471, 135.881104
576. 65.342712, 140.350876
577. 64.886955, 138.528137
578. 65.147812, 142.222229
579. 65.160484, 142.222229
580. 64.907913, 146.118729
581. 65.419296, 142.222229
582. 65.886917, 141.280365
583. 64.840889, 142.222229
584. 65.160484, 138.528137
585. 65.632973, 142.222229
586. 65.577286, 142.222229
587. 64.941475, 142.222229
588. 65.355469, 138.528137
589. 65.693054, 140.350876
590. 65.487518, 148.148148
591. 65.211243, 144.144150
592. 65.021332, 139.433548
593. 65.351212, 137.634415
594. 65.419296, 145.124725
595. 65.257828, 143.176743
596. 65.211243, 139.433548
597. 65.219704, 138.528137
598. 65.564445, 145.124725
599. 65.675880, 144.144150
600. 65.270546, 146.118729
601. 65.283272, 145.124725
602. 62.141857, 135.021103
603. 60.270519, 137.634415
604. 59.323898, 142.222229
605. 58.352280, 136.752136
606. 57.818356, 134.171906
607. 56.846756, 129.292938
608. 56.422169, 134.171906
609. 55.671833, 130.879349
610. 54.896164, 128.514053
611. 54.031166, 126.232742
612. 53.507458, 121.212128
613. 52.263294, 119.180634
614. 51.127655, 117.216118
615. 49.760269, 114.082001
616. 47.902622, 106.135986
617. 46.561756, 107.202682
618. 44.989681, 101.587303
619. 43.914051, 99.224808
620. 42.740868, 96.530922
621. 41.048763, 94.814819
622. 39.955044, 91.559372
623. 38.872921, 88.888893
624. 37.963711, 84.321480
625. 36.562813, 83.009079
626. 34.889381, 75.650124
627. 33.222324, 72.562363
628. 32.242535, 68.157616
629. 31.035418, 65.843620
630. 46.656895, 64.257027
631. 28.771751, 56.140354
632. 28.088051, 53.200333
633. 27.388969, 51.282051
634. 26.529087, 46.579330
635. 40.033054, 46.276211
636. 26.264856, 41.423950
637. 26.762281, 43.097645
638. 41.625286, 40.557671
639. 31.611540, 41.025642
640. 53.094624, 44.723972
641. 34.234344, 41.912247
642. 34.053333, 41.748207
643. 33.789925, 40.712471
644. 33.559677, 39.800995
645. 35.781528, 40.946899
646. 37.212845, 42.581505
647. 38.484299, 41.994751
648. 38.934685, 40.790314
649. 38.823353, 39.360394
650. 39.098320, 39.653038
651. 38.382854, 39.287907
652. 38.555183, 38.027332
653. 38.595173, 37.691402
654. 39.494854, 39.287907
655. 40.288296, 40.251572
656. 40.310928, 39.950062
657. 40.612377, 37.892246
658. 41.110912, 39.579468
659. 41.758503, 39.360394
660. 42.191643, 38.929443
661. 42.744503, 38.858532
662. 42.894146, 39.506172
663. 43.057751, 40.480709
664. 43.237492, 40.868458
665. 43.250519, 40.025017
666. 43.384987, 38.438438
667. 43.218891, 38.507824
668. 42.901470, 38.787880
669. 43.580704, 39.726879
670. 43.717239, 39.875389
671. 44.194138, 40.175770
672. 44.525131, 40.790314
673. 44.831089, 41.830067
674. 44.955460, 41.830067
675. 44.857109, 41.748207
676. 44.853104, 42.666668
677. 45.046162, 44.444447
678. 45.098732, 43.537415
679. 44.969543, 42.666668
680. 44.564629, 43.626450
681. 44.481762, 43.448746
682. 44.745239, 45.197742
683. 45.023956, 44.912281
684. 45.078499, 44.723972
685. 45.251072, 45.779686
686. 45.420868, 46.579330
687. 45.183918, 45.390072
688. 45.054241, 47.512993
689. 45.220524, 47.940075
690. 45.641647, 48.156509
691. 45.787247, 48.929665
692. 45.515518, 50.196079
693. 45.532021, 50.793652
694. 45.192047, 49.042149
695. 43.703926, 49.728050
696. 41.727283, 49.728050
697. 40.380592, 50.196079
698. 39.680473, 47.832588
699. 38.412201, 49.042149
700. 37.765358, 49.268669
701. 36.898510, 48.374908
702. 36.166653, 46.886448
703. 35.169056, 46.783627
704. 34.691811, 45.584045
705. 33.656357, 44.168392
706. 32.573906, 41.504539
707. 32.050198, 40.327663
708. 30.685650, 39.360394
709. 46.503567, 36.592339
710. 28.748699, 33.595802
711. 28.008965, 31.984009
712. 27.537605, 30.131828
713. 26.844513, 27.996502
714. 39.371040, 26.767044
715. 26.080772, 23.546726
716. 25.209755, 49.728050
717. 24.838923, 20.691885
718. 224.918198, 17.400763
719. 222.231705, 17.400763
720. 26.450167, 15.403130
721. 223.766052, 12.176560
722. 21.575569, 17.372421
723. 24.176662, 12.913640
724. 27.683289, 12.913640
725. 25.076363, 12.913640
726. 36.053741, 12.913640
727. 25.139736, 12.913640
728. 24.994019, 12.913640
729. 35.633053, 12.913640
730. 227.567291, 12.913640
731. 24.753248, 12.913640
732. 219.560654, 12.913640
733. 23.982756, 12.913640
734. 221.545654, 12.913640
735. 27.372553, 12.913640
736. 224.616486, 12.913640
737. 222.477753, 12.913640
738. 24.281250, 12.913640
