0. 25.602262, 0.000000
1. 371.426819, 0.000000
2. 25.358006, 0.000000
3. 25.057600, 0.000000
4. 39.105930, 0.000000
5. 25.210388, 0.000000
6. 25.124020, 0.000000
7. 25.221779, 0.000000
8. 41.159752, 0.000000
9. 25.543030, 0.000000
10. 25.718918, 0.000000
11. 25.198374, 0.000000
12. 25.207224, 0.000000
13. 25.185741, 0.000000
14. 25.106441, 0.000000
15. 25.287800, 0.000000
16. 25.275713, 0.000000
17. 226.899185, 0.000000
18. 24.807032, 0.000000
19. 22.102903, 0.000000
20. 24.778889, 0.000000
21. 24.663923, 0.000000
22. 36.707085, 0.000000
23. 25.361847, 0.000000
24. 29.006830, 0.000000
25. 41.966064, 0.000000
26. 34.986580, 0.000000
27. 40.383839, 0.000000
28. 44.436512, 8.918618
29. 46.140507, 17.358286
30. 46.488506, 17.358286
31. 46.909588, 28.712427
32. 47.709270, 29.753603
33. 49.199821, 33.490322
34. 53.038567, 36.158192
35. 55.116001, 40.790314
36. 58.505188, 42.838020
37. 59.850452, 46.783627
38. 61.699188, 49.728050
39. 62.415951, 54.145519
40. 63.197231, 56.587093
41. 63.448662, 58.128975
42. 63.868130, 63.116371
43. 63.864071, 67.940552
44. 63.702103, 68.817207
45. 64.190491, 72.316383
46. 63.653671, 73.310425
47. 63.884377, 77.015648
48. 63.392616, 79.900124
49. 64.190491, 81.424942
50. 63.129723, 83.660133
51. 63.637547, 87.791496
52. 63.201206, 89.260811
53. 62.971455, 89.635857
54. 61.984673, 93.979446
55. 62.126488, 94.814819
56. 61.828281, 98.765434
57. 62.157234, 98.765434
58. 61.147194, 99.224808
59. 61.915916, 102.073372
60. 60.806728, 102.564102
61. 61.217983, 106.666672
62. 60.521027, 105.090317
63. 60.346542, 109.401711
64. 60.065140, 110.535408
65. 60.083099, 112.874786
66. 59.626678, 114.082001
67. 59.708179, 111.111115
68. 59.069290, 114.695343
69. 59.072765, 115.315315
70. 59.149273, 116.575592
71. 58.761818, 118.518524
72. 59.027645, 119.850189
73. 58.315025, 115.315315
74. 58.989525, 123.314072
75. 58.308258, 126.232742
76. 58.437130, 122.605370
77. 59.010311, 128.514053
78. 58.954910, 129.292938
79. 59.665630, 130.081299
80. 59.825508, 126.232742
81. 60.564804, 130.879349
82. 60.531967, 130.081299
83. 61.024632, 129.292938
84. 61.136032, 128.514053
85. 61.778858, 133.333344
86. 61.465164, 135.021103
87. 61.862541, 130.081299
88. 62.218822, 136.752136
89. 62.751205, 136.752136
90. 62.920189, 132.505173
91. 63.129723, 130.879349
92. 63.396614, 136.752136
93. 64.145409, 138.528137
94. 63.973866, 136.752136
95. 64.338470, 133.333344
96. 64.836700, 138.528137
97. 65.295998, 140.350876
98. 32.348419, 139.433548
99. 64.794891, 138.528137
100. 64.284958, 137.634415
101. 65.181625, 139.433548
102. 65.232407, 139.433548
103. 65.389496, 142.222229
104. 64.794891, 135.021103
105. 65.274788, 143.176743
106. 65.164711, 145.124725
107. 65.513145, 140.350876
108. 64.991882, 135.021103
109. 65.641548, 141.280365
110. 65.071861, 142.222229
111. 65.534508, 141.280365
112. 64.970871, 141.280365
113. 65.300247, 142.222229
114. 65.262070, 140.350876
115. 65.513145, 145.124725
116. 65.530235, 143.176743
117. 65.194313, 135.021103
118. 65.568726, 138.528137
119. 65.321472, 143.176743
120. 65.500328, 145.124725
121. 65.168938, 142.222229
122. 65.800613, 139.433548
123. 65.105598, 140.350876
124. 65.551613, 143.176743
125. 65.287514, 143.176743
126. 65.684464, 144.144150
127. 65.173172, 142.222229
128. 65.934479, 140.350876
129. 65.274788, 144.144150
130. 65.783379, 142.222229
131. 65.118256, 143.176743
132. 64.326111, 135.021103
133. 61.240372, 137.634415
134. 59.911125, 137.634415
135. 58.359058, 135.021103
136. 57.635933, 132.505173
137. 56.207527, 130.081299
138. 55.282799, 128.514053
139. 54.441048, 123.314072
140. 52.809963, 117.863724
141. 51.717175, 117.216118
142. 50.130203, 111.692848
143. 48.649506, 111.111115
144. 46.648228, 107.744110
145. 45.052219, 103.059586
146. 44.221371, 100.156494
147. 42.459095, 94.395287
148. 40.995167, 94.814819
149. 39.874172, 89.260811
150. 38.564064, 87.431694
151. 37.166039, 83.009079
152. 36.526924, 81.115341
153. 35.909416, 79.601990
154. 35.676071, 80.200500
155. 35.287636, 75.919334
156. 35.157978, 72.810013
157. 35.393299, 73.817764
158. 35.805759, 71.829407
159. 35.776432, 70.874863
160. 70.225037, 69.039917
161. 36.465939, 69.945358
162. 35.484550, 65.843620
163. 34.857910, 63.872257
164. 34.134319, 60.093899
165. 33.813805, 60.263657
166. 34.537971, 61.127033
167. 34.877270, 56.587093
168. 35.640636, 55.555557
169. 35.588875, 55.411259
170. 36.180977, 54.008442
171. 35.021946, 52.416054
172. 34.444431, 50.673004
173. 37.880692, 54.008442
174. 39.678905, 51.405624
175. 41.599434, 52.805283
176. 43.403732, 52.674900
177. 45.240883, 53.872055
178. 45.631283, 54.841476
179. 46.085480, 56.737591
180. 45.958992, 54.421772
181. 45.681076, 56.288479
182. 45.986340, 56.288479
183. 46.022152, 54.560955
184. 46.999557, 57.502247
185. 47.043571, 57.813911
186. 47.231552, 56.737591
187. 47.886639, 57.041000
188. 47.770519, 58.287796
189. 48.099846, 57.813911
190. 48.781780, 58.287796
191. 49.156494, 59.095108
192. 49.544334, 59.095108
193. 50.217903, 59.259262
194. 49.715946, 62.745098
195. 51.086060, 58.608059
196. 51.810516, 59.590317
197. 52.971455, 63.492065
198. 53.547382, 64.257027
199. 54.273422, 66.047470
200. 55.270634, 67.940552
201. 55.656414, 68.817207
202. 57.085770, 73.059364
203. 57.735294, 74.853806
204. 58.281197, 75.650124
205. 58.260921, 78.720787
206. 59.128387, 78.720787
207. 59.044991, 83.660133
208. 59.478424, 81.424942
209. 59.471386, 84.993362
210. 60.025665, 85.676041
211. 59.921844, 88.888893
212. 60.528320, 90.014069
213. 59.598385, 90.395485
214. 54.974258, 87.431694
215. 52.173733, 90.395485
216. 49.598141, 88.154274
217. 47.349525, 89.635857
218. 45.394188, 87.074829
219. 44.215534, 87.791496
220. 42.850239, 85.333336
221. 41.582218, 83.989502
222. 40.985134, 83.009079
223. 39.597588, 80.808083
224. 38.955822, 77.294685
225. 37.290188, 75.382805
226. 35.936390, 72.562363
227. 35.616631, 71.348946
228. 35.323616, 69.945358
229. 35.070847, 65.040649
230. 34.911205, 63.492065
231. 34.851864, 61.302685
232. 34.849445, 58.447491
233. 34.590290, 53.067993
234. 34.322056, 51.036686
235. 34.516613, 48.706242
236. 34.472794, 42.412193
237. 34.918484, 40.100250
238. 58.153011, 35.975269
239. 35.488312, 33.229492
240. 36.273724, 27.598103
241. 36.952797, 25.518343
242. 37.360909, 22.130014
243. 35.730629, 19.518147
244. 33.532795, 33.595802
245. 29.986855, 14.753343
246. 28.364799, 14.753343
247. 27.102304, 9.364941
248. 25.819380, 9.364941
249. 25.617275, 9.364941
250. 25.414454, 9.364941
251. 25.146658, 9.364941
252. 25.304996, 9.364941
253. 25.216715, 9.364941
254. 25.425386, 9.364941
255. 25.601610, 9.364941
256. 25.469860, 47.093452
257. 38.264446, 47.093452
258. 25.823362, 47.093452
259. 25.598349, 47.093452
260. 25.275076, 47.093452
261. 37.825073, 47.093452
262. 25.584660, 47.093452
263. 25.675541, 47.093452
264. 25.903923, 47.093452
265. 28.412928, 47.093452
266. 31.665340, 0.958888
267. 38.088921, 0.958888
268. 43.745789, 0.958888
269. 46.769833, 10.376135
270. 47.220451, 10.376135
271. 47.677578, 25.427097
272. 47.517479, 29.064487
273. 48.779411, 33.126293
274. 51.497158, 37.691402
275. 55.929054, 40.868458
276. 57.798397, 45.197742
277. 59.555992, 45.878139
278. 61.333836, 50.314468
279. 62.199566, 53.333336
280. 63.280819, 56.888889
281. 63.137657, 58.287796
282. 63.532917, 62.561096
283. 63.456676, 66.047470
284. 63.589214, 69.716774
285. 64.063606, 71.111115
286. 63.896564, 73.310425
287. 63.416622, 77.575760
288. 63.532917, 78.431374
289. 63.536934, 82.687340
290. 62.731617, 84.321480
291. 63.145596, 86.369774
292. 62.091934, 89.635857
293. 61.912102, 88.520058
294. 61.824474, 92.352097
295. 61.468925, 93.979446
296. 61.050591, 96.096100
297. 60.762600, 98.765434
298. 60.408222, 97.859329
299. 60.678196, 100.628937
300. 60.104664, 103.059586
301. 60.173058, 106.666672
302. 59.394039, 106.666672
303. 59.496037, 105.610565
304. 59.145790, 109.965637
305. 58.975674, 105.090317
306. 58.820301, 111.111115
307. 58.813416, 111.692848
308. 58.291340, 109.401711
309. 58.899612, 115.315315
310. 58.156376, 111.111115
311. 58.420139, 119.180634
312. 58.573402, 119.180634
313. 58.139549, 117.216118
314. 58.304871, 121.904762
315. 58.474541, 121.212128
316. 57.722023, 120.527313
317. 58.304871, 122.605370
318. 58.369232, 122.605370
319. 58.563160, 122.605370
320. 59.327404, 123.314072
321. 59.114471, 125.490196
322. 59.850452, 125.490196
323. 59.875420, 123.314072
324. 60.303078, 129.292938
325. 60.404591, 128.514053
326. 60.972786, 126.984131
327. 61.330093, 128.514053
328. 61.942635, 131.687241
329. 61.450127, 132.505173
330. 61.801659, 130.081299
331. 62.241951, 135.021103
332. 63.018852, 134.171906
333. 62.614330, 135.021103
334. 63.613369, 132.505173
335. 63.908756, 142.222229
336. 63.977940, 136.752136
337. 64.545135, 136.752136
338. 64.412720, 135.021103
339. 64.920494, 141.280365
340. 64.882759, 144.144150
341. 64.632332, 139.433548
342. 65.202774, 137.634415
343. 64.949875, 140.350876
344. 65.444862, 141.280365
345. 65.346962, 141.280365
346. 64.665611, 139.433548
347. 65.551613, 137.634415
348. 64.832520, 137.634415
349. 65.355469, 143.176743
350. 65.266312, 144.144150
351. 65.071861, 139.433548
352. 65.160484, 138.528137
353. 65.457657, 145.124725
354. 65.376732, 142.222229
355. 65.564445, 143.176743
356. 65.046585, 142.222229
357. 65.761848, 142.222229
358. 65.211243, 140.350876
359. 65.710243, 147.126434
360. 65.406517, 145.124725
361. 63.706142, 140.350876
362. 61.032047, 138.528137
363. 59.786346, 138.528137
364. 58.359058, 138.528137
365. 57.533619, 131.687241
366. 56.507851, 130.081299
367. 55.319324, 126.984131
368. 53.918083, 121.904762
369. 52.641182, 117.216118
370. 50.310944, 115.315315
371. 49.012615, 109.401711
372. 47.400906, 106.666672
373. 45.683151, 102.564102
374. 43.614758, 99.688477
375. 42.541794, 95.665176
376. 40.704517, 91.168091
377. 39.284832, 87.791496
378. 38.174305, 85.676041
379. 36.548183, 84.656090
380. 36.084816, 80.200500
381. 36.359047, 74.074074
382. 35.561165, 69.716774
383. 35.681141, 66.047470
384. 35.281441, 66.666672
385. 35.733170, 66.458984
386. 36.152336, 59.095108
387. 37.194935, 64.842964
388. 37.355354, 61.302685
389. 35.617893, 57.657658
390. 35.151829, 57.813911
391. 33.835442, 55.700611
392. 32.831501, 53.872055
393. 32.257027, 51.405624
394. 31.260410, 53.067993
395. 51.263306, 50.078247
396. 33.460205, 54.700855
397. 34.023350, 54.283291
398. 58.136185, 50.078247
399. 34.879692, 52.416054
400. 61.756073, 53.467003
401. 35.672272, 53.736359
402. 62.431465, 52.416054
403. 34.511871, 55.411259
404. 57.975163, 56.288479
405. 33.667633, 49.960968
406. 33.891365, 50.914879
407. 34.561733, 52.032520
408. 34.664284, 51.654560
409. 35.417004, 50.793652
410. 35.586353, 48.817699
411. 36.161446, 51.654560
412. 36.977276, 49.268669
413. 37.326210, 49.155148
414. 37.798035, 48.484852
415. 37.515759, 48.048050
416. 37.826496, 47.197643
417. 37.907848, 48.265461
418. 38.184464, 47.407410
419. 38.805359, 46.886448
420. 39.191353, 46.477852
421. 39.449883, 47.619049
422. 39.707130, 46.276211
423. 39.837811, 46.989723
424. 39.437492, 44.912281
425. 39.667938, 45.197742
426. 39.867844, 44.444447
427. 39.544598, 44.352047
428. 40.060188, 43.272484
429. 40.535366, 41.025642
430. 40.813648, 43.010754
431. 41.775864, 43.537415
432. 42.324947, 42.752171
433. 43.161335, 42.244225
434. 42.908802, 41.912247
435. 42.998783, 41.504539
436. 44.564629, 43.360435
437. 45.751801, 44.817928
438. 46.583344, 45.390072
439. 46.646065, 47.197643
440. 46.806873, 46.579330
441. 46.918350, 47.940075
442. 46.933693, 49.382717
443. 46.846157, 49.497295
444. 47.116375, 49.728050
445. 46.129917, 49.497295
446. 45.406498, 50.552925
447. 44.755203, 50.793652
448. 44.582428, 50.793652
449. 44.170822, 52.805283
450. 44.729301, 53.736359
451. 45.529957, 52.416054
452. 45.289829, 53.333336
453. 43.133541, 53.200333
454. 41.604603, 49.497295
455. 40.079365, 48.484852
456. 40.235054, 50.433414
457. 39.324810, 50.196079
458. 39.036037, 48.929665
459. 38.306755, 48.595295
460. 38.151112, 49.728050
461. 37.745495, 48.484852
462. 37.255619, 47.093452
463. 36.377480, 47.197643
464. 35.234421, 44.817928
465. 34.640381, 43.448746
466. 33.547348, 41.504539
467. 32.380737, 39.579468
468. 31.917833, 39.287907
469. 30.710037, 37.959667
470. 30.284229, 35.030106
471. 29.623468, 34.078808
472. 29.216015, 32.619778
473. 28.660131, 30.739674
474. 43.529724, 51.405624
475. 27.510462, 27.280478
476. 40.886726, 25.858587
477. 26.922199, 24.160061
478. 26.750168, 22.646851
479. 39.443687, 20.813009
480. 26.811560, 19.500305
481. 26.892654, 17.301973
482. 39.608513, 37.166088
483. 27.116203, 13.562196
484. 42.779083, 13.562196
485. 26.601435, 10.498688
486. 26.650827, 10.498688
487. 26.866766, 6.908463
488. 27.402416, 6.908463
489. 27.144775, 6.908463
490. 27.160185, 6.908463
491. 27.212414, 6.908463
492. 44.367832, 6.908463
493. 27.285578, 6.908463
494. 27.051954, 6.908463
495. 27.123524, 6.908463
496. 27.133780, 6.908463
497. 27.453331, 6.908463
498. 43.789642, 6.908463
499. 27.744444, 6.908463
500. 27.742912, 6.908463
501. 27.896975, 6.908463
502. 27.810490, 6.908463
503. 27.846718, 6.908463
504. 27.645962, 6.908463
505. 27.214626, 6.908463
506. 41.999397, 6.908463
507. 27.713068, 6.908463
508. 27.818190, 6.908463
509. 43.726749, 6.908463
510. 27.739082, 6.908463
511. 27.817419, 6.908463
512. 27.927994, 6.908463
513. 127.355759, 6.908463
514. 27.861389, 6.908463
515. 43.503338, 6.908463
516. 28.006622, 6.908463
517. 27.745211, 6.908463
518. 42.052132, 6.908463
519. 28.121069, 6.908463
520. 28.204748, 6.908463
521. 28.149433, 6.908463
522. 28.036320, 6.908463
523. 43.801098, 6.908463
524. 28.397671, 6.908463
525. 28.179434, 6.908463
526. 28.257103, 6.908463
527. 28.335201, 6.908463
528. 28.153378, 6.908463
529. 28.158112, 6.908463
530. 42.688202, 6.908463
531. 28.338398, 6.908463
532. 28.310450, 6.908463
533. 28.451550, 6.908463
534. 28.241219, 6.908463
535. 44.056549, 6.908463
536. 28.395262, 6.908463
537. 28.118708, 6.908463
538. 28.217422, 6.908463
539. 28.226936, 6.908463
540. 41.974831, 6.908463
541. 27.941975, 6.908463
542. 27.906273, 6.908463
543. 27.811260, 6.908463
544. 43.835495, 6.908463
545. 28.081770, 6.908463
546. 44.915264, 6.908463
547. 28.128942, 6.908463
548. 28.176273, 6.908463
549. 46.451965, 6.908463
550. 28.171534, 6.908463
551. 28.079416, 6.908463
552. 27.914026, 6.908463
