0. 23.736849, 0.000000
1. 23.736849, 0.000000
2. 27.585239, 0.000000
3. 27.585997, 0.000000
4. 27.695498, 0.000000
5. 27.608738, 0.000000
6. 27.601912, 0.000000
7. 27.653572, 0.000000
8. 27.336803, 0.000000
9. 45.005802, 0.000000
10. 27.397932, 0.000000
11. 27.858299, 0.000000
12. 56.969242, 0.000000
13. 38.522663, 0.000000
14. 41.878601, 12.992287
15. 45.658241, 12.992287
16. 46.924923, 20.240355
17. 47.001759, 26.370005
18. 47.524220, 28.635347
19. 48.380100, 31.840797
20. 51.013432, 35.203522
21. 54.675095, 39.579468
22. 57.235363, 44.260029
23. 59.260914, 46.176048
24. 61.341324, 48.595295
25. 62.485825, 52.805283
26. 63.308731, 55.846424
27. 63.360634, 59.424328
28. 31.962511, 63.116371
29. 63.896564, 66.666672
30. 64.006470, 68.595932
31. 64.317879, 72.316383
32. 63.528900, 74.592079
33. 63.536934, 77.294685
34. 63.248951, 79.306076
35. 63.823502, 83.660133
36. 62.955673, 83.660133
37. 63.380619, 84.656090
38. 62.798271, 89.260811
39. 62.932011, 87.074829
40. 62.618233, 94.814819
41. 61.794056, 90.395485
42. 61.529156, 95.238098
43. 61.363804, 100.156494
44. 61.206795, 98.765434
45. 60.939503, 103.559875
46. 60.652554, 102.564102
47. 60.480949, 108.291039
48. 60.604992, 106.135986
49. 59.662086, 109.401711
50. 59.800583, 111.111115
51. 58.989525, 109.401711
52. 59.411598, 115.942032
53. 58.803089, 115.315315
54. 58.968750, 114.082001
55. 58.549507, 117.863724
56. 58.775570, 114.082001
57. 58.748074, 116.575592
58. 57.881641, 117.863724
59. 57.755207, 117.216118
60. 57.798397, 126.984131
61. 58.210289, 125.490196
62. 59.013779, 124.031013
63. 58.992989, 125.490196
64. 59.896839, 130.081299
65. 59.701084, 128.514053
66. 60.491875, 126.984131
67. 60.521027, 130.879349
68. 61.080284, 130.081299
69. 60.839867, 128.514053
70. 61.935001, 134.171906
71. 61.973202, 133.333344
72. 62.218822, 134.171906
73. 62.513039, 133.333344
74. 62.365585, 135.021103
75. 63.209156, 135.881104
76. 63.372623, 135.021103
77. 63.880314, 135.881104
78. 64.055443, 139.433548
79. 64.059525, 140.350876
80. 64.811607, 138.528137
81. 64.441635, 134.171906
82. 64.836700, 138.528137
83. 65.114037, 143.176743
84. 65.530235, 141.280365
85. 65.372475, 142.222229
86. 64.832520, 134.171906
87. 65.594406, 142.222229
88. 65.517418, 143.176743
89. 65.291756, 144.144150
90. 65.372475, 139.433548
91. 65.135139, 137.634415
92. 65.257828, 142.222229
93. 65.513145, 142.222229
94. 65.198547, 140.350876
95. 65.848053, 139.433548
96. 65.470451, 144.144150
97. 65.334213, 146.118729
98. 65.663002, 143.176743
99. 65.432076, 140.350876
100. 65.770462, 132.505173
101. 65.714539, 147.126434
102. 65.287514, 143.176743
103. 65.701645, 144.144150
104. 65.253593, 140.350876
105. 65.684464, 141.280365
106. 65.496063, 144.144150
107. 65.423553, 145.124725
108. 65.624397, 138.528137
109. 65.658707, 140.350876
110. 65.517418, 140.350876
111. 65.232407, 145.124725
112. 65.873955, 147.126434
113. 65.168938, 144.144150
114. 65.873955, 139.433548
115. 65.190086, 138.528137
116. 65.671585, 144.144150
117. 65.453392, 141.280365
118. 64.392075, 132.505173
119. 61.405060, 137.634415
120. 60.086693, 136.752136
121. 58.889256, 135.881104
122. 57.712078, 131.687241
123. 56.346226, 126.984131
124. 55.374203, 129.292938
125. 54.115562, 122.605370
126. 53.086208, 117.216118
127. 51.847950, 118.518524
128. 50.007942, 113.475182
129. 48.691944, 109.401711
130. 47.546711, 107.744110
131. 45.573326, 103.059586
132. 44.260334, 102.564102
133. 43.241211, 98.765434
134. 42.159775, 97.412483
135. 40.858459, 92.352097
136. 39.552380, 88.888893
137. 38.003918, 86.021507
138. 37.299881, 83.009079
139. 35.901718, 80.808083
140. 59.821945, 79.601990
141. 33.942890, 75.382805
142. 33.454636, 74.853806
143. 32.427769, 73.563217
144. 32.379696, 73.563217
145. 32.439285, 72.316383
146. 33.934864, 73.817764
147. 33.874226, 75.382805
148. 33.094292, 70.640182
149. 32.820774, 70.175438
150. 60.259674, 73.310425
151. 32.367176, 72.072075
152. 32.533825, 70.640182
153. 32.042019, 67.940552
154. 31.989988, 65.439674
155. 31.563871, 65.239555
156. 31.268192, 63.681595
157. 31.247770, 65.641029
158. 31.185696, 62.561096
159. 32.823990, 61.657036
160. 33.585476, 62.745098
161. 34.099564, 60.263657
162. 35.524700, 62.015507
163. 36.316990, 63.303661
164. 36.459324, 61.835751
165. 36.195316, 60.263657
166. 35.362156, 61.657036
167. 35.318649, 63.116371
168. 36.572132, 58.447491
169. 36.860607, 58.287796
170. 37.546604, 59.424328
171. 38.264446, 57.041000
172. 39.280224, 59.259262
173. 41.306976, 58.447491
174. 42.833797, 57.041000
175. 45.875053, 59.424328
176. 47.313847, 61.302685
177. 48.647148, 60.434376
178. 49.978092, 62.196308
179. 50.300869, 62.930187
180. 51.447056, 61.835751
181. 51.807846, 65.641029
182. 52.184570, 66.252586
183. 52.768360, 65.439674
184. 53.049767, 66.252586
185. 52.454296, 66.666672
186. 54.449902, 69.489685
187. 55.049561, 70.407043
188. 56.482437, 71.829407
189. 57.398857, 72.810013
190. 58.546097, 76.190475
191. 59.156239, 76.190475
192. 60.256062, 80.808083
193. 61.184433, 84.993362
194. 60.477310, 87.431694
195. 60.339294, 87.791496
196. 61.236641, 90.780144
197. 58.284580, 86.021507
198. 52.879452, 82.687340
199. 50.368958, 81.736916
200. 48.224514, 82.051285
201. 45.461971, 77.015648
202. 44.104897, 76.738609
203. 42.198730, 74.853806
204. 40.595966, 69.716774
205. 38.895496, 68.817207
206. 37.533981, 65.843620
207. 35.872234, 61.835751
208. 34.479893, 60.778728
209. 56.160400, 56.437393
210. 32.429863, 53.467003
211. 30.757042, 52.287582
212. 29.761236, 49.268669
213. 28.685497, 45.878139
214. 28.083340, 42.838020
215. 41.987110, 39.506172
216. 26.095675, 34.078808
217. 25.791544, 31.888391
218. 37.782398, 26.016260
219. 22.491316, 45.681656
220. 211.919327, 17.443445
221. 25.925982, 29.104139
222. 208.445969, 29.104139
223. 26.385565, 29.104139
224. 26.596504, 6.065776
225. 229.019730, 6.065776
226. 222.674988, 6.065776
227. 224.666718, 6.065776
228. 36.252781, 6.065776
229. 25.336903, 6.065776
230. 25.705101, 6.065776
231. 25.841961, 6.065776
232. 37.490562, 6.065776
233. 26.496902, 6.065776
234. 26.663559, 6.065776
235. 40.362751, 6.065776
236. 27.458584, 6.065776
237. 42.312469, 6.065776
238. 27.808180, 6.065776
239. 27.994137, 6.065776
240. 30.850540, 6.065776
241. 34.965878, 6.065776
242. 41.644264, 6.065776
243. 46.231804, 9.772485
244. 46.850529, 20.611917
245. 46.973190, 25.952961
246. 46.726330, 28.673836
247. 48.069927, 31.698862
248. 50.145218, 33.916271
249. 53.770916, 39.072041
250. 56.466564, 41.912247
251. 57.741928, 44.537231
252. 60.803047, 50.314468
253. 61.450127, 51.036686
254. 63.022804, 55.555557
255. 62.971455, 57.813911
256. 63.799187, 61.657036
257. 63.561054, 66.875656
258. 63.504807, 66.252586
259. 63.774887, 71.588371
260. 63.336666, 72.316383
261. 63.949436, 77.575760
262. 63.165443, 79.601990
263. 63.730389, 82.051285
264. 63.003044, 86.369774
265. 63.153534, 84.321480
266. 62.598728, 89.635857
267. 62.342365, 88.888893
268. 61.695400, 94.814819
269. 62.138016, 94.395287
270. 60.980186, 97.859329
271. 61.188160, 97.859329
272. 60.477310, 100.628937
273. 60.969086, 104.575165
274. 59.850452, 102.564102
275. 60.462753, 104.575165
276. 59.754345, 104.575165
277. 59.882557, 109.401711
278. 59.236458, 111.692848
279. 59.201553, 109.401711
280. 58.889256, 114.082001
281. 59.031113, 112.874786
282. 58.447327, 114.082001
283. 58.624668, 115.942032
284. 58.399765, 116.575592
285. 57.821682, 119.850189
286. 58.116009, 119.180634
287. 57.323532, 120.527313
288. 57.858311, 119.850189
289. 57.398857, 123.314072
290. 58.116009, 122.605370
291. 58.399765, 123.314072
292. 59.559521, 127.744514
293. 59.295891, 127.744514
294. 59.893269, 126.984131
295. 59.932568, 130.081299
296. 60.386440, 128.514053
297. 60.411854, 125.490196
298. 61.363804, 130.081299
299. 61.725719, 133.333344
300. 62.299843, 135.021103
301. 62.126488, 132.505173
302. 62.872940, 133.333344
303. 62.598728, 135.021103
304. 63.352642, 134.171906
305. 63.316711, 135.881104
306. 63.912823, 138.528137
307. 64.416847, 141.280365
308. 64.284958, 136.752136
309. 64.346710, 133.333344
310. 64.933083, 134.171906
311. 64.907913, 141.280365
312. 65.308731, 142.222229
313. 64.615700, 139.433548
314. 65.534508, 140.350876
315. 65.084511, 143.176743
316. 65.444862, 142.222229
317. 65.693054, 142.222229
318. 64.849258, 137.634415
319. 65.372475, 143.176743
320. 65.466187, 143.176743
321. 65.705940, 143.176743
322. 65.675880, 140.350876
323. 65.004501, 141.280365
324. 66.077576, 144.144150
325. 65.173172, 142.222229
326. 65.207008, 140.350876
327. 65.372475, 141.280365
328. 65.359718, 138.528137
329. 65.076080, 139.433548
330. 65.590126, 146.118729
331. 65.114037, 143.176743
332. 65.092941, 142.222229
333. 65.560165, 135.021103
334. 64.912102, 147.126434
335. 66.138474, 145.124725
336. 65.223938, 143.176743
337. 65.714539, 137.634415
338. 65.312981, 141.280365
339. 65.594406, 144.144150
340. 65.525963, 142.222229
341. 65.419296, 143.176743
342. 65.274788, 144.144150
343. 65.555893, 141.280365
344. 65.346962, 141.280365
345. 65.346962, 142.222229
346. 65.312981, 145.124725
347. 65.461922, 139.433548
348. 65.453392, 141.280365
349. 65.761848, 141.280365
350. 65.667290, 144.144150
351. 64.137222, 141.280365
352. 61.210526, 135.881104
353. 59.946873, 137.634415
354. 58.748074, 136.752136
355. 57.457943, 133.333344
356. 56.368355, 130.081299
357. 55.502682, 127.744514
358. 54.071877, 124.756340
359. 53.240929, 121.212128
360. 52.575069, 119.850189
361. 51.370773, 115.315315
362. 49.696274, 111.111115
363. 48.169025, 109.965637
364. 46.986370, 107.202682
365. 46.096054, 100.628937
366. 44.101025, 100.628937
367. 43.020878, 96.530922
368. 41.685734, 94.395287
369. 40.161072, 89.260811
370. 39.063358, 88.520058
371. 37.857853, 83.009079
372. 36.005932, 79.012344
373. 34.831326, 75.650124
374. 33.538391, 73.059364
375. 52.926807, 71.348946
376. 30.781544, 66.875656
377. 30.246849, 66.666672
378. 29.164284, 62.378170
379. 29.121172, 62.930187
380. 44.025658, 61.302685
381. 28.934988, 60.093899
382. 45.476376, 58.287796
383. 29.119484, 60.093899
384. 29.021912, 64.257027
385. 28.938320, 61.302685
386. 28.332804, 56.587093
387. 28.580235, 56.140354
388. 28.416946, 51.779938
389. 44.410980, 53.333336
390. 28.723221, 50.914879
391. 42.556210, 47.725578
392. 27.984001, 46.376812
393. 28.098263, 45.584045
394. 28.658497, 45.390072
395. 29.680351, 42.496681
396. 48.772308, 43.010754
397. 32.414169, 43.626450
398. 33.601204, 43.537415
399. 55.383362, 42.752171
400. 34.856701, 41.912247
401. 34.775867, 40.557671
402. 35.020725, 39.800995
403. 35.537266, 39.726879
404. 35.510887, 38.163387
405. 36.042099, 38.787880
406. 35.462006, 37.037037
407. 63.540955, 38.231781
408. 36.151035, 35.555557
409. 37.281887, 34.858387
410. 41.053795, 37.037037
411. 43.465694, 39.072041
412. 43.818291, 38.787880
413. 44.785130, 39.000610
414. 45.852024, 40.557671
415. 46.785080, 41.748207
416. 47.521973, 43.010754
417. 47.802338, 45.007034
418. 48.338203, 44.260029
419. 48.788887, 47.302292
420. 48.755741, 48.706242
421. 48.793625, 48.595295
422. 48.208317, 48.595295
423. 48.282452, 50.673004
424. 47.218231, 52.159740
425. 47.338371, 51.529793
426. 47.264881, 52.674900
427. 47.218231, 54.145519
428. 45.424973, 53.601341
429. 44.035305, 52.416054
430. 42.468067, 52.805283
431. 40.740829, 53.067993
432. 73.299011, 50.793652
433. 38.967907, 51.654560
434. 38.181561, 50.914879
435. 37.623936, 50.433414
436. 37.454224, 50.196079
437. 37.046814, 49.960968
438. 36.982719, 49.960968
439. 36.790421, 49.612404
440. 36.906643, 50.433414
441. 36.929707, 51.036686
442. 36.553501, 49.382717
443. 36.071861, 47.407410
444. 35.822353, 48.929665
445. 35.370869, 47.832588
446. 35.577534, 48.048050
447. 62.392696, 47.619049
448. 35.510887, 48.156509
449. 34.838570, 47.619049
450. 35.385818, 47.093452
451. 66.913727, 47.093452
452. 34.903927, 46.376812
453. 34.761429, 47.725578
454. 34.450336, 44.723972
455. 34.381958, 43.986256
456. 34.057953, 41.748207
457. 33.706036, 40.327663
458. 33.911957, 38.507824
459. 34.107666, 36.718304
460. 34.973183, 38.231781
461. 34.279900, 36.908882
462. 34.009529, 35.734226
463. 32.358837, 33.385498
464. 53.021770, 29.183767
465. 30.997118, 27.456028
466. 54.337997, 25.548903
467. 30.976093, 22.385450
468. 31.267220, 20.532564
469. 31.088234, 36.529682
470. 30.867601, 34.858387
471. 49.629993, 16.511868
472. 30.910336, 13.544974
473. 30.315296, 13.544974
474. 28.348793, 10.973937
475. 27.480364, 10.973937
476. 40.424461, 10.973937
477. 25.375938, 10.973937
478. 27.837460, 10.973937
479. 27.275208, 10.973937
480. 217.093689, 10.973937
481. 26.531889, 10.973937
482. 217.093689, 10.973937
483. 229.595428, 10.973937
484. 26.786541, 10.973937
485. 219.368896, 10.973937
486. 216.765823, 10.973937
487. 33.233315, 10.973937
488. 220.089722, 10.973937
489. 226.950439, 10.973937
490. 26.448078, 10.973937
491. 219.177475, 10.973937
492. 26.371714, 10.973937
493. 229.542969, 10.973937
494. 229.019730, 0.525944
495. 34.541534, 0.525944
496. 224.716965, 0.525944
497. 24.750809, 0.525944
498. 35.835133, 0.525944
499. 22.329857, 0.525944
500. 24.624630, 0.525944
501. 28.151011, 0.525944
502. 25.592480, 0.525944
503. 25.506716, 0.525944
504. 25.915281, 0.525944
505. 25.387482, 0.525944
506. 25.090139, 0.525944
507. 28.209499, 0.525944
508. 40.230221, 0.525944
509. 25.448570, 0.525944
510. 25.634270, 0.525944
511. 39.412739, 0.525944
512. 24.776443, 0.525944
513. 25.149805, 0.525944
514. 25.168705, 0.525944
515. 25.092020, 0.525944
516. 24.997749, 0.525944
517. 25.206593, 0.525944
518. 25.357367, 0.525944
519. 25.381067, 0.525944
520. 25.243959, 0.525944
521. 25.222412, 0.525944
522. 36.586781, 0.525944
523. 25.271261, 0.525944
524. 37.920723, 0.525944
525. 25.682104, 0.525944
526. 25.460178, 0.525944
527. 25.334349, 0.525944
528. 25.208490, 0.525944
529. 25.744621, 0.525944
530. 25.617929, 0.525944
531. 38.826355, 0.525944
