0. 24.778276, 0.000000
1. 24.778276, 0.000000
2. 26.304741, 0.000000
3. 26.547312, 0.000000
4. 42.314251, 0.000000
5. 26.424427, 0.000000
6. 38.999672, 0.000000
7. 26.003147, 0.000000
8. 26.188181, 0.000000
9. 25.811420, 0.000000
10. 25.729456, 0.000000
11. 25.644083, 0.000000
12. 37.812260, 0.000000
13. 26.146608, 0.000000
14. 26.788683, 0.000000
15. 30.127127, 0.000000
16. 37.072784, 0.000000
17. 41.864643, 0.000000
18. 45.246998, 9.389671
19. 46.909588, 48.484852
20. 46.641731, 25.921427
21. 46.892075, 28.596962
22. 48.143639, 65.843620
23. 50.366432, 34.858387
24. 55.279755, 39.433151
25. 57.027447, 41.994751
26. 59.072765, 45.584045
27. 60.880421, 46.376812
28. 62.361713, 51.529793
29. 62.979351, 55.411259
30. 63.296764, 58.931862
31. 63.014900, 60.093899
32. 63.561054, 66.458984
33. 63.364628, 67.085953
34. 63.868130, 70.640182
35. 63.157505, 72.562363
36. 63.661739, 73.563217
37. 63.014900, 78.144081
38. 63.532917, 79.012344
39. 62.959618, 83.333336
40. 63.137657, 83.660133
41. 62.532494, 87.431694
42. 62.786499, 88.888893
43. 62.470284, 89.260811
44. 61.691608, 88.154274
45. 61.984673, 92.753624
46. 61.442612, 93.567253
47. 61.642406, 98.765434
48. 60.744228, 94.395287
49. 60.898869, 103.059586
50. 60.198296, 103.559875
51. 60.459114, 106.666672
52. 59.921844, 107.744110
53. 59.839760, 107.202682
54. 59.460827, 108.291039
55. 59.566582, 109.401711
56. 59.058872, 111.692848
57. 59.488991, 111.692848
58. 58.638355, 108.291039
59. 59.166691, 117.863724
60. 58.989525, 113.475182
61. 58.542686, 117.216118
62. 59.229473, 118.518524
63. 58.803089, 119.180634
64. 58.386189, 121.904762
65. 58.672596, 122.605370
66. 58.122734, 124.031013
67. 58.604153, 123.314072
68. 58.734337, 130.081299
69. 59.775677, 127.744514
70. 59.793465, 121.904762
71. 60.339294, 127.744514
72. 60.252449, 130.081299
73. 60.994995, 129.292938
74. 60.876732, 127.744514
75. 61.499023, 134.171906
76. 61.393803, 134.171906
77. 61.980850, 130.879349
78. 61.847309, 133.333344
79. 62.735535, 136.752136
80. 62.661194, 135.021103
81. 63.316711, 131.687241
82. 63.637547, 135.021103
83. 63.544971, 138.528137
84. 64.129036, 137.634415
85. 63.827557, 135.021103
86. 64.305527, 135.881104
87. 64.359077, 139.433548
88. 64.698921, 137.634415
89. 64.686424, 140.350876
90. 64.317879, 136.752136
91. 65.122475, 137.634415
92. 65.080292, 143.176743
93. 65.300247, 140.350876
94. 64.678101, 135.881104
95. 65.283272, 143.176743
96. 65.211243, 142.222229
97. 65.615829, 140.350876
98. 65.232407, 140.350876
99. 65.291756, 142.222229
100. 65.080292, 139.433548
101. 65.848053, 142.222229
102. 65.317223, 143.176743
103. 65.101379, 140.350876
104. 65.740334, 140.350876
105. 65.453392, 144.144150
106. 65.530235, 144.144150
107. 65.181625, 137.634415
108. 65.624397, 138.528137
109. 65.355469, 141.280365
110. 65.632973, 143.176743
111. 65.359718, 141.280365
112. 65.389496, 141.280365
113. 65.270546, 143.176743
114. 65.611542, 141.280365
115. 65.308731, 138.528137
116. 65.168938, 142.222229
117. 65.461922, 142.222229
118. 65.632973, 141.280365
119. 62.501373, 142.222229
120. 60.921024, 139.433548
121. 59.253925, 135.021103
122. 57.573181, 128.514053
123. 56.314644, 127.744514
124. 54.842224, 125.490196
125. 53.473286, 118.518524
126. 52.304104, 119.180634
127. 50.904877, 115.942032
128. 49.361774, 111.111115
129. 47.806889, 109.965637
130. 46.800335, 104.065041
131. 45.359348, 104.575165
132. 44.314995, 101.587303
133. 42.595901, 96.096100
134. 41.301880, 94.395287
135. 39.988441, 90.780144
136. 39.051212, 87.431694
137. 38.406330, 86.021507
138. 36.954155, 85.333336
139. 36.164047, 82.051285
140. 61.570633, 81.424942
141. 35.337280, 81.115341
142. 34.837364, 79.012344
143. 34.787907, 78.720787
144. 34.498837, 78.144081
145. 34.241344, 77.015648
146. 33.733196, 75.650124
147. 33.718479, 77.294685
148. 33.475811, 76.190475
149. 32.877697, 73.817764
150. 53.656052, 73.563217
151. 31.595634, 69.489685
152. 31.077656, 69.264069
153. 30.564297, 67.297585
154. 29.888727, 65.239555
155. 28.997622, 61.657036
156. 28.720758, 61.657036
157. 28.660131, 59.424328
158. 45.242920, 59.424328
159. 28.648689, 57.971016
160. 44.155293, 57.347672
161. 28.649508, 59.095108
162. 28.683041, 58.769516
163. 28.305664, 56.437393
164. 43.839321, 56.140354
165. 28.023026, 53.200333
166. 28.043364, 51.159073
167. 28.075493, 49.268669
168. 27.224951, 48.374908
169. 54.968243, 48.265461
170. 26.275846, 45.878139
171. 29.084080, 51.159073
172. 33.900517, 52.159740
173. 34.090309, 45.197742
174. 37.045448, 46.681255
175. 41.080654, 51.529793
176. 42.278637, 50.552925
177. 43.360649, 50.314468
178. 40.111370, 50.196079
179. 41.482639, 45.779686
180. 44.773155, 51.159073
181. 44.979610, 49.612404
182. 44.625992, 47.832588
183. 45.643719, 49.960968
184. 44.048820, 49.728050
185. 45.956890, 48.265461
186. 46.721985, 50.196079
187. 46.278652, 51.036686
188. 46.966602, 49.960968
189. 47.727402, 50.078247
190. 47.891205, 51.654560
191. 48.314957, 53.601341
192. 48.210632, 50.433414
193. 48.345181, 51.654560
194. 49.103638, 53.872055
195. 50.152725, 52.936314
196. 50.442291, 56.737591
197. 50.789078, 57.347672
198. 50.655922, 59.095108
199. 51.255463, 59.095108
200. 50.681477, 60.093899
201. 51.086060, 60.952381
202. 51.286858, 62.378170
203. 51.656017, 64.842964
204. 51.941765, 65.239555
205. 52.328625, 67.724869
206. 52.344982, 67.510551
207. 52.214405, 66.047470
208. 52.740658, 72.072075
209. 53.624550, 70.175438
210. 53.212730, 71.111115
211. 53.195827, 74.332176
212. 52.677059, 72.316383
213. 49.583454, 72.316383
214. 47.353989, 71.588371
215. 45.304123, 69.716774
216. 43.650761, 68.157616
217. 41.318867, 65.239555
218. 39.515045, 62.015507
219. 71.934532, 59.925095
220. 36.306492, 55.555557
221. 34.768646, 53.200333
222. 33.744526, 49.728050
223. 33.259720, 50.196079
224. 53.782429, 47.302292
225. 32.126034, 48.484852
226. 31.960478, 48.265461
227. 31.656361, 47.093452
228. 51.513000, 46.989723
229. 31.580736, 47.619049
230. 50.592152, 46.783627
231. 31.118084, 45.390072
232. 31.155718, 45.779686
233. 31.134478, 45.584045
234. 30.444822, 45.977013
235. 30.215919, 44.723972
236. 30.183241, 45.007034
237. 29.832815, 43.537415
238. 29.800961, 43.986256
239. 29.411011, 42.666668
240. 29.171057, 41.263702
241. 28.950829, 41.184044
242. 28.836990, 40.712471
243. 48.333553, 38.787880
244. 28.333603, 37.230949
245. 46.257347, 35.496395
246. 27.690918, 33.970276
247. 41.938038, 55.124893
248. 27.020670, 30.389364
249. 27.073093, 29.143898
250. 26.949640, 28.033291
251. 26.583838, 49.155148
252. 26.688349, 25.396826
253. 26.259365, 42.160740
254. 25.315836, 23.038158
255. 25.114599, 21.227198
256. 37.324821, 19.753086
257. 25.082623, 17.190439
258. 24.867817, 28.256071
259. 24.916538, 25.396826
260. 27.692444, 11.216264
261. 27.772053, 11.216264
262. 226.541046, 11.216264
263. 23.971884, 11.216264
264. 225.422836, 11.216264
265. 25.233181, 11.216264
266. 37.925018, 11.216264
267. 24.903568, 1.595016
268. 36.164047, 1.595016
269. 25.877903, 1.595016
270. 42.004665, 1.595016
271. 26.203890, 1.595016
272. 26.844513, 1.595016
273. 26.757292, 1.595016
274. 26.704664, 1.595016
275. 26.984385, 1.595016
276. 27.243406, 1.595016
277. 27.617844, 1.595016
278. 117.400040, 1.595016
279. 27.749809, 1.595016
280. 27.626198, 1.595016
281. 27.755175, 1.595016
282. 42.455505, 1.595016
283. 27.995697, 1.595016
284. 46.907398, 1.595016
285. 28.382427, 1.595016
286. 28.347992, 1.595016
287. 27.482618, 1.595016
288. 33.360214, 1.595016
289. 39.298660, 1.595016
290. 44.000595, 1.595016
291. 46.047462, 21.440536
292. 46.548813, 21.970478
293. 46.445522, 28.218697
294. 46.721985, 29.143898
295. 49.369053, 33.023735
296. 52.070980, 37.361355
297. 55.398632, 41.263702
298. 57.805050, 43.715847
299. 59.222492, 46.376812
300. 61.333836, 48.048050
301. 61.988499, 54.283291
302. 62.579231, 55.993004
303. 62.833618, 60.606064
304. 63.492767, 62.745098
305. 63.213135, 67.724869
306. 63.872192, 69.039917
307. 63.860012, 73.059364
308. 63.384617, 73.563217
309. 63.730389, 78.431374
310. 63.173389, 79.306076
311. 63.440651, 81.736916
312. 62.975403, 84.321480
313. 62.857204, 83.989502
314. 63.046535, 92.352097
315. 62.598728, 88.520058
316. 62.412075, 95.665176
317. 62.199566, 93.979446
318. 61.315121, 95.665176
319. 61.589504, 98.310295
320. 60.980186, 99.224808
321. 61.423828, 102.073372
322. 60.437294, 99.688477
323. 60.924721, 105.610565
324. 59.961182, 103.059586
325. 60.227165, 108.291039
326. 59.821945, 109.401711
327. 59.591316, 107.202682
328. 59.156239, 112.280708
329. 59.348431, 114.082001
330. 58.365841, 112.874786
331. 59.191090, 118.518524
332. 58.403160, 117.863724
333. 58.761818, 120.527313
334. 58.362450, 120.527313
335. 58.311642, 119.850189
336. 57.901657, 123.314072
337. 58.532452, 124.031013
338. 58.233906, 122.605370
339. 58.968750, 119.850189
340. 59.316895, 128.514053
341. 59.733028, 126.984131
342. 59.548931, 124.031013
343. 60.241608, 127.744514
344. 60.495518, 130.879349
345. 60.943199, 126.984131
346. 61.405060, 126.984131
347. 62.149548, 130.081299
348. 61.570633, 131.687241
349. 62.292118, 131.687241
350. 62.555855, 131.687241
351. 63.046535, 135.021103
352. 63.416622, 136.752136
353. 63.169415, 134.171906
354. 63.782986, 139.433548
355. 64.051353, 137.634415
356. 63.994240, 137.634415
357. 64.582474, 138.528137
358. 64.849258, 135.881104
359. 64.757301, 143.176743
360. 64.958267, 142.222229
361. 32.631035, 138.528137
362. 65.398003, 139.433548
363. 65.283272, 143.176743
364. 65.380981, 144.144150
365. 65.232407, 143.176743
366. 65.602974, 143.176743
367. 65.581566, 138.528137
368. 65.046585, 141.280365
369. 65.008705, 145.124725
370. 65.590126, 144.144150
371. 65.427818, 138.528137
372. 65.168938, 137.634415
373. 65.092941, 144.144150
374. 65.393745, 143.176743
375. 65.573006, 142.222229
376. 64.836700, 135.021103
377. 65.325722, 142.222229
378. 65.577286, 143.176743
379. 65.624397, 146.118729
380. 65.147812, 139.433548
381. 65.232407, 141.280365
382. 65.504601, 140.350876
383. 65.581566, 145.124725
384. 65.240883, 142.222229
385. 65.351212, 137.634415
386. 64.958267, 141.280365
387. 65.029747, 146.118729
388. 65.059219, 145.124725
389. 61.740894, 141.280365
390. 60.047188, 136.752136
391. 58.941074, 136.752136
392. 58.345505, 135.881104
393. 56.866062, 132.505173
394. 55.820297, 124.031013
395. 54.323307, 125.490196
396. 52.274170, 117.216118
397. 50.290798, 111.692848
398. 48.807850, 110.535408
399. 46.609276, 105.090317
400. 44.835091, 101.105850
401. 43.302715, 98.310295
402. 41.807156, 92.753624
403. 40.635372, 92.753624
404. 38.761944, 86.021507
405. 37.186676, 83.660133
406. 35.586353, 78.144081
407. 33.999172, 75.382805
408. 33.061619, 74.332176
409. 52.049400, 72.810013
410. 30.850540, 68.817207
411. 50.177773, 69.489685
412. 30.426382, 67.724869
413. 48.173645, 67.510551
414. 390.027008, 65.843620
415. 30.276928, 67.940552
416. 29.955563, 67.297585
417. 29.896732, 65.040649
418. 47.138481, 64.064064
419. 29.696142, 66.458984
420. 50.432163, 65.239555
421. 29.806265, 65.040649
422. 52.111492, 65.641029
423. 29.755066, 66.047470
424. 46.843975, 62.015507
425. 28.808876, 59.757236
426. 27.841316, 55.555557
427. 27.383743, 51.654560
428. 25.944727, 49.497295
429. 25.556025, 46.886448
430. 26.780115, 47.940075
431. 27.908600, 45.390072
432. 28.357594, 44.444447
433. 29.208372, 44.352047
434. 30.199572, 45.779686
435. 30.759869, 42.924213
436. 31.380503, 43.986256
437. 33.686825, 41.748207
438. 35.922256, 43.626450
439. 37.701588, 45.977013
440. 39.258736, 45.197742
441. 40.090561, 44.444447
442. 42.344566, 44.444447
443. 42.225334, 44.630405
444. 42.529190, 45.779686
445. 42.852066, 45.584045
446. 43.298981, 46.076317
447. 44.389397, 46.276211
448. 45.410603, 46.076317
449. 46.151104, 47.093452
450. 46.583344, 47.512993
451. 47.094288, 49.155148
452. 47.750088, 49.042149
453. 47.994152, 47.512993
454. 47.907188, 50.433414
455. 48.060730, 50.433414
456. 48.324253, 48.817699
457. 47.648182, 48.265461
458. 48.593033, 49.612404
459. 48.893356, 52.936314
460. 49.019787, 50.914879
461. 49.214283, 53.200333
462. 48.824451, 52.805283
463. 49.161304, 54.283291
464. 49.101238, 55.993004
465. 49.185371, 57.193924
466. 49.248055, 57.657658
467. 48.936222, 56.587093
468. 48.765205, 58.287796
469. 49.120445, 57.971016
470. 49.444366, 59.757236
471. 49.243229, 60.778728
472. 49.510155, 59.590317
473. 49.866467, 61.479347
474. 49.733173, 63.116371
475. 49.007832, 64.646469
476. 48.408073, 63.681595
477. 47.360683, 63.492065
478. 46.643898, 61.657036
479. 44.299362, 61.657036
480. 43.126133, 59.590317
481. 41.599434, 56.587093
482. 40.706165, 55.846424
483. 38.441597, 53.467003
484. 36.822781, 51.036686
485. 36.005932, 48.929665
486. 35.075741, 48.374908
487. 34.701397, 47.512993
488. 34.601009, 45.293701
489. 34.963444, 42.924213
490. 34.673855, 41.666668
491. 34.798752, 41.025642
492. 34.530849, 38.929443
493. 34.361969, 37.959667
494. 34.151722, 35.914703
495. 34.221519, 34.353195
496. 34.311508, 33.126293
497. 34.128521, 31.793344
498. 33.942890, 28.596962
499. 33.642834, 27.420738
500. 33.518250, 26.633375
501. 33.512661, 24.353121
502. 32.807915, 21.925318
503. 58.005287, 20.278835
504. 31.281822, 18.063787
505. 30.723185, 33.333336
506. 30.564297, 14.156160
507. 30.823093, 22.130014
508. 31.218641, 22.130014
509. 31.306190, 9.443707
510. 30.945562, 9.443707
511. 49.527237, 10.345942
512. 31.258465, 10.345942
513. 51.284241, 10.345942
514. 32.563347, 41.104691
515. 32.490688, 41.104691
516. 32.253918, 41.104691
517. 60.546558, 41.104691
518. 32.371349, 41.104691
519. 32.373436, 41.104691
520. 32.417305, 41.104691
521. 32.495941, 41.104691
522. 60.245220, 41.104691
523. 32.827209, 41.104691
524. 32.948860, 41.104691
525. 33.129211, 41.104691
526. 33.331440, 41.104691
527. 33.457977, 41.104691
528. 33.548470, 41.104691
529. 33.491436, 41.104691
530. 33.274036, 41.104691
531. 33.443497, 41.104691
532. 33.737728, 41.104691
533. 33.596710, 41.104691
534. 33.478043, 41.104691
535. 33.691345, 41.104691
536. 33.574253, 41.104691
