0. 25.089514, 0.000000
1. 25.362488, 0.000000
2. 25.370813, 0.000000
3. 38.556664, 0.000000
4. 24.878286, 0.000000
5. 37.837894, 0.000000
6. 25.435684, 0.000000
7. 25.736708, 0.000000
8. 26.071974, 0.000000
9. 37.326210, 0.000000
10. 25.433109, 0.000000
11. 25.599653, 0.000000
12. 37.999607, 0.000000
13. 24.952429, 0.000000
14. 29.952883, 0.000000
15. 34.206371, 0.000000
16. 39.650719, 8.567604
17. 43.669735, 8.567604
18. 47.096497, 8.567604
19. 47.544460, 10.345942
20. 47.784153, 22.792023
21. 48.166718, 29.183767
22. 48.280132, 31.746033
23. 51.265923, 35.914703
24. 54.293949, 39.950062
25. 57.871643, 42.077583
26. 59.439720, 46.176048
27. 61.619720, 47.832588
28. 62.299843, 52.936314
29. 63.557034, 55.555557
30. 64.549278, 57.041000
31. 64.433372, 63.116371
32. 64.297295, 66.458984
33. 64.807426, 67.510551
34. 64.383820, 70.874863
35. 64.478859, 71.111115
36. 64.243851, 74.853806
37. 64.570023, 79.601990
38. 64.063606, 80.200500
39. 64.002396, 84.321480
40. 63.609341, 84.993362
41. 64.022781, 88.520058
42. 63.105934, 89.260811
43. 62.676830, 89.260811
44. 61.893032, 92.753624
45. 62.649471, 97.412483
46. 61.828281, 97.412483
47. 61.684036, 99.688477
48. 61.472687, 102.564102
49. 61.566860, 104.575165
50. 60.854607, 106.666672
51. 60.513737, 103.559875
52. 60.212727, 107.202682
53. 60.083099, 106.135986
54. 59.573647, 109.401711
55. 59.818382, 110.535408
56. 59.327404, 110.535408
57. 59.387016, 115.315315
58. 58.909973, 115.942032
59. 59.020710, 114.695343
60. 59.003380, 117.863724
61. 58.823746, 118.518524
62. 58.237282, 119.180634
63. 59.079712, 121.904762
64. 58.437130, 121.904762
65. 58.954910, 121.904762
66. 58.906517, 124.031013
67. 59.107517, 121.904762
68. 59.013779, 122.605370
69. 60.040012, 129.292938
70. 59.782791, 126.984131
71. 60.382809, 124.756340
72. 60.703857, 126.232742
73. 61.412563, 129.292938
74. 61.020927, 129.292938
75. 61.782658, 129.292938
76. 61.570633, 135.021103
77. 62.188015, 132.505173
78. 62.088097, 130.081299
79. 63.221088, 135.881104
80. 62.975403, 138.528137
81. 63.730389, 137.634415
82. 63.221088, 130.081299
83. 64.067696, 133.333344
84. 64.116753, 137.634415
85. 64.309647, 135.881104
86. 63.868130, 137.634415
87. 64.276733, 134.171906
88. 64.636490, 142.222229
89. 64.301414, 135.881104
90. 64.367325, 141.280365
91. 65.219704, 139.433548
92. 64.920494, 135.881104
93. 65.240883, 145.124725
94. 64.870193, 140.350876
95. 65.042374, 136.752136
96. 65.363968, 137.634415
97. 65.114037, 143.176743
98. 65.253593, 143.176743
99. 65.385239, 142.222229
100. 65.223938, 137.634415
101. 65.076080, 140.350876
102. 65.560165, 145.124725
103. 65.783379, 144.144150
104. 64.996094, 138.528137
105. 65.245117, 139.433548
106. 65.624397, 144.144150
107. 65.882591, 143.176743
108. 65.295998, 140.350876
109. 65.372475, 138.528137
110. 65.483253, 144.144150
111. 65.783379, 145.124725
112. 65.667290, 142.222229
113. 65.809235, 144.144150
114. 65.359718, 141.280365
115. 65.232407, 144.144150
116. 65.856682, 146.118729
117. 65.543060, 143.176743
118. 65.779076, 144.144150
119. 65.727432, 138.528137
120. 65.283272, 143.176743
121. 65.432076, 144.144150
122. 65.530235, 142.222229
123. 62.731617, 135.881104
124. 59.832634, 132.505173
125. 58.196800, 133.333344
126. 56.147846, 127.744514
127. 53.547382, 121.904762
128. 52.130421, 119.850189
129. 50.444824, 114.695343
130. 48.410404, 108.843544
131. 46.870197, 105.610565
132. 44.689510, 99.688477
133. 43.443142, 98.310295
134. 41.498062, 92.753624
135. 40.231834, 90.395485
136. 38.065830, 82.687340
137. 35.993034, 81.115341
138. 35.001205, 75.382805
139. 32.777946, 71.829407
140. 30.409805, 66.252586
141. 29.526833, 64.257027
142. 28.600574, 61.479347
143. 42.632053, 59.424328
144. 27.182964, 54.145519
145. 26.875389, 54.283291
146. 26.650122, 53.736359
147. 41.431324, 51.036686
148. 26.389030, 52.416054
149. 26.548716, 51.779938
150. 38.434242, 49.728050
151. 26.384872, 48.484852
152. 26.299921, 48.484852
153. 26.377945, 47.619049
154. 25.851269, 45.681656
155. 39.872593, 46.579330
156. 26.212778, 46.783627
157. 26.413313, 46.176048
158. 39.401920, 44.444447
159. 26.382793, 44.912281
160. 26.863174, 45.007034
161. 26.479445, 45.197742
162. 26.930859, 44.912281
163. 26.901295, 44.168392
164. 26.411228, 43.184887
165. 26.557838, 42.752171
166. 26.387644, 41.585445
167. 26.171808, 38.717484
168. 26.604252, 39.653038
169. 43.845062, 40.327663
170. 27.060698, 38.438438
171. 40.473316, 38.369305
172. 27.933428, 40.025017
173. 40.669914, 37.758114
174. 28.249952, 38.027332
175. 28.902525, 36.281181
176. 29.410151, 36.036037
177. 31.313021, 35.145527
178. 34.068344, 36.972851
179. 35.726818, 37.101452
180. 36.580120, 34.519958
181. 36.674923, 35.030106
182. 37.309574, 34.858387
183. 37.498959, 34.133335
184. 37.879261, 34.242912
185. 38.401924, 33.229492
186. 38.720116, 34.688347
187. 38.761944, 35.734226
188. 38.327213, 34.744843
189. 38.390186, 35.914703
190. 38.830856, 33.542976
191. 37.874977, 33.648792
192. 37.986675, 33.074936
193. 38.309677, 34.801525
194. 38.242599, 33.648792
195. 38.058620, 33.229492
196. 38.065830, 33.229492
197. 37.853573, 32.274334
198. 38.051414, 33.281334
199. 38.330139, 33.126293
200. 38.228046, 33.333336
201. 37.982368, 63.303661
202. 38.268818, 32.719837
203. 38.350620, 33.074936
204. 38.900013, 33.023735
205. 38.980003, 58.769516
206. 39.171490, 32.972694
207. 39.275616, 32.520325
208. 39.298660, 33.074936
209. 39.729115, 33.862434
210. 40.188381, 34.188034
211. 40.737526, 33.701950
212. 41.455254, 33.970276
213. 42.312469, 35.555557
214. 43.070671, 36.281181
215. 43.944782, 37.361355
216. 44.442410, 38.647343
217. 45.310253, 39.143734
218. 45.427029, 39.506172
219. 45.952686, 40.868458
220. 46.265865, 41.912247
221. 46.609276, 42.496681
222. 47.094288, 43.097645
223. 47.083256, 44.912281
224. 47.235992, 46.886448
225. 48.150558, 46.579330
226. 48.501549, 47.940075
227. 48.936222, 48.817699
228. 49.144470, 50.433414
229. 47.675312, 49.612404
230. 45.864582, 50.673004
231. 44.356079, 50.793652
232. 42.417866, 51.405624
233. 41.284908, 50.552925
234. 40.042629, 50.552925
235. 38.869915, 49.844238
236. 37.926449, 48.484852
237. 37.552216, 48.048050
238. 37.128956, 48.048050
239. 36.480503, 48.374908
240. 35.823631, 46.783627
241. 35.303757, 46.376812
242. 35.010960, 45.486855
243. 34.693008, 45.293701
244. 34.247181, 44.912281
245. 57.202778, 43.986256
246. 33.569767, 43.010754
247. 33.151073, 43.360435
248. 32.733093, 41.748207
249. 32.279827, 40.790314
250. 32.035889, 40.790314
251. 31.073812, 39.215687
252. 30.806082, 38.647343
253. 30.158779, 37.426903
254. 29.802729, 36.845135
255. 28.914169, 34.915440
256. 28.679766, 34.972679
257. 28.284149, 33.648792
258. 114.145599, 15.968064
259. 26.645174, 29.304029
260. 26.584541, 51.779938
261. 38.729073, 25.921427
262. 25.606829, 24.436810
263. 38.244053, 22.939070
264. 25.092646, 21.440536
265. 27.984779, 18.664333
266. 36.165348, 16.563147
267. 24.112837, 16.563147
268. 218.083252, 13.719186
269. 27.671850, 9.904055
270. 225.828171, 9.904055
271. 24.457985, 9.904055
272. 219.512680, 9.904055
273. 24.068359, 9.904055
274. 226.541046, 9.904055
275. 22.195679, 9.904055
276. 24.848137, 9.904055
277. 24.929522, 9.904055
278. 36.770222, 9.904055
279. 25.180059, 9.904055
280. 25.670948, 9.904055
281. 25.370173, 9.904055
282. 25.758482, 9.904055
283. 26.044939, 9.904055
284. 25.521618, 9.904055
285. 38.869915, 0.705724
286. 26.234680, 0.705724
287. 26.069944, 0.705724
288. 39.588226, 0.705724
289. 26.407064, 0.705724
290. 26.397350, 0.705724
291. 26.448078, 0.705724
292. 26.021330, 0.705724
293. 53.601662, 0.705724
294. 37.041351, 1.206364
295. 41.974831, 1.206364
296. 44.825089, 1.206364
297. 47.019356, 9.812942
298. 47.278225, 18.486425
299. 47.191620, 30.174446
300. 48.429073, 31.840797
301. 50.442291, 35.261707
302. 54.258766, 39.360394
303. 56.390503, 42.581505
304. 59.401062, 45.102184
305. 60.491875, 48.265461
306. 62.528603, 52.287582
307. 62.481937, 55.555557
308. 63.722305, 57.347672
309. 63.496780, 62.930187
310. 63.681915, 65.040649
311. 63.653671, 67.940552
312. 63.941296, 71.111115
313. 63.388615, 74.332176
314. 63.823502, 79.012344
315. 63.054447, 79.012344
316. 63.440651, 81.115341
317. 62.947784, 85.676041
318. 63.133690, 84.321480
319. 62.443104, 89.635857
320. 62.544170, 87.791496
321. 61.969379, 94.395287
322. 61.889217, 91.954025
323. 61.162083, 98.765434
324. 61.382549, 96.530922
325. 60.386440, 101.105850
326. 60.524673, 103.059586
327. 59.946873, 104.065041
328. 60.147842, 106.666672
329. 59.257420, 104.575165
330. 59.651463, 108.843544
331. 58.882351, 109.401711
332. 58.782444, 110.535408
333. 58.512001, 111.692848
334. 58.563160, 109.965637
335. 58.011986, 114.695343
336. 58.308258, 117.863724
337. 57.576481, 113.475182
338. 57.928364, 118.518524
339. 57.553391, 118.518524
340. 57.523735, 118.518524
341. 57.599586, 123.314072
342. 58.460930, 124.031013
343. 57.961784, 121.904762
344. 58.930702, 126.232742
345. 58.834080, 123.314072
346. 59.457306, 124.756340
347. 59.854019, 124.756340
348. 59.961182, 126.984131
349. 60.335670, 125.490196
350. 60.065140, 123.314072
351. 61.195614, 130.081299
352. 61.687824, 129.292938
353. 61.382549, 133.333344
354. 62.501373, 133.333344
355. 62.342365, 135.021103
356. 62.485825, 135.881104
357. 62.888680, 132.505173
358. 63.225067, 135.021103
359. 64.002396, 137.634415
360. 63.585190, 136.752136
361. 64.882759, 137.634415
362. 64.063606, 135.881104
363. 64.715591, 140.350876
364. 64.937279, 138.528137
365. 64.540985, 138.528137
366. 32.379696, 136.752136
367. 65.351212, 138.528137
368. 65.555893, 141.280365
369. 64.765656, 143.176743
370. 32.559128, 140.350876
371. 65.466187, 139.433548
372. 65.262070, 144.144150
373. 65.675880, 141.280365
374. 64.891144, 140.350876
375. 65.240883, 140.350876
376. 65.461922, 144.144150
377. 65.334213, 145.124725
378. 65.568726, 145.124725
379. 65.355469, 144.144150
380. 65.628685, 142.222229
381. 65.215469, 143.176743
382. 65.628685, 142.222229
383. 65.164711, 143.176743
384. 65.334213, 141.280365
385. 64.912102, 139.433548
386. 65.530235, 145.124725
387. 65.215469, 144.144150
388. 65.334213, 138.528137
389. 65.215469, 140.350876
390. 65.487518, 141.280365
391. 65.223938, 146.118729
392. 65.478989, 140.350876
393. 65.253593, 141.280365
394. 65.496063, 141.280365
395. 65.050797, 143.176743
396. 65.415039, 141.280365
397. 65.181625, 144.144150
398. 65.555893, 141.280365
399. 64.903717, 142.222229
400. 65.423553, 142.222229
401. 64.832520, 141.280365
402. 64.778183, 144.144150
403. 62.307571, 137.634415
404. 60.292221, 136.752136
405. 59.166691, 135.881104
406. 57.645851, 132.505173
407. 56.776081, 129.292938
408. 55.922829, 129.292938
409. 54.494202, 125.490196
410. 53.464748, 120.527313
411. 52.033226, 117.216118
412. 50.475235, 114.082001
413. 48.550766, 108.843544
414. 46.979778, 106.666672
415. 45.015884, 101.587303
416. 43.952473, 100.628937
417. 42.466274, 95.665176
418. 41.434738, 92.352097
419. 39.361786, 88.520058
420. 38.171406, 85.333336
421. 36.793114, 80.503143
422. 34.996326, 79.012344
423. 33.346928, 74.074074
424. 33.107376, 73.310425
425. 31.968613, 68.817207
426. 53.970219, 66.047470
427. 31.690310, 66.666672
428. 54.893162, 62.930187
429. 30.221373, 63.116371
430. 29.758591, 58.769516
431. 29.870068, 57.347672
432. 29.128771, 55.700611
433. 28.298489, 54.700855
434. 46.622253, 50.673004
435. 28.137608, 50.433414
436. 28.028498, 46.886448
437. 27.332342, 45.390072
438. 42.085602, 45.007034
439. 27.108887, 44.168392
440. 27.554977, 43.184887
441. 27.829748, 41.343670
442. 46.366219, 40.946899
443. 28.292114, 39.800995
444. 28.052759, 38.717484
445. 27.819731, 38.929443
446. 28.624205, 36.781609
447. 47.670788, 36.845135
448. 30.766460, 34.972679
449. 52.807190, 34.133335
450. 32.737358, 34.632034
451. 35.669739, 35.320091
452. 36.351154, 34.242912
453. 36.438168, 34.078808
454. 37.540993, 35.030106
455. 37.468193, 33.755276
456. 37.722820, 35.320091
457. 37.497559, 34.353195
458. 37.295727, 33.229492
459. 37.657780, 34.353195
460. 37.270821, 33.701950
461. 37.744076, 34.024456
462. 38.034130, 34.024456
463. 37.778137, 33.916271
464. 37.742657, 60.778728
465. 37.647903, 33.437828
466. 37.645081, 33.281334
467. 37.578903, 33.023735
468. 37.772457, 32.770100
469. 37.729900, 32.770100
470. 38.130844, 33.333336
471. 37.837894, 58.128975
472. 37.761101, 32.274334
473. 37.536785, 31.936129
474. 38.398991, 32.225578
475. 39.013302, 62.378170
476. 39.470028, 34.297966
477. 39.649155, 34.353195
478. 40.020298, 34.464191
479. 39.894756, 35.087719
480. 39.822021, 32.921810
481. 39.765282, 35.320091
482. 39.856773, 35.437431
483. 39.921707, 35.496395
484. 39.910606, 35.087719
485. 39.999584, 35.203522
486. 39.844128, 35.614914
487. 39.741688, 35.734226
488. 40.026676, 36.972851
489. 39.822021, 36.845135
490. 40.053802, 36.342987
491. 39.977303, 36.845135
492. 40.306076, 37.166088
493. 40.033054, 37.691402
494. 40.323872, 36.592339
495. 40.478207, 37.492680
496. 40.509216, 38.231781
497. 40.556637, 38.438438
498. 41.026974, 38.787880
499. 40.760662, 38.577457
500. 40.991821, 38.577457
501. 40.903374, 39.287907
502. 40.988476, 40.712471
503. 40.686382, 39.287907
504. 40.668266, 38.717484
505. 39.378754, 38.577457
506. 37.823647, 37.959667
507. 36.613445, 37.624928
508. 35.051270, 34.801525
509. 34.677444, 34.744843
510. 33.874226, 34.353195
511. 32.872318, 33.808769
512. 53.978916, 59.424328
513. 31.793600, 32.176975
514. 31.464035, 31.234749
515. 31.257492, 31.189085
516. 30.962729, 30.962749
517. 30.802305, 30.873131
518. 30.533644, 30.695444
519. 29.863852, 29.465931
520. 29.881615, 29.183767
521. 29.640947, 28.828829
522. 28.865988, 28.444445
523. 28.462027, 27.850306
524. 28.324816, 27.850306
525. 43.111332, 53.601341
526. 28.035538, 26.468157
527. 27.667278, 25.858587
528. 27.460085, 46.783627
529. 27.288542, 25.889969
530. 27.086231, 43.805614
531. 26.941692, 24.806202
532. 27.155046, 47.725578
533. 42.085602, 24.078255
534. 26.951809, 23.315119
535. 26.366179, 23.238926
536. 39.533703, 23.013306
537. 25.433109, 21.925318
538. 28.084909, 35.320091
539. 28.141548, 18.018019
540. 36.928349, 15.944196
541. 24.373732, 24.634335
542. 226.745560, 24.634335
543. 27.989458, 10.592520
544. 25.154842, 10.592520
545. 222.625656, 10.592520
546. 24.470495, 6.057165
547. 222.625656, 6.057165
548. 24.834011, 6.057165
549. 24.772167, 6.057165
550. 24.978483, 6.057165
551. 37.112499, 6.057165
552. 25.058851, 6.057165
553. 25.789557, 6.057165
554. 26.230572, 6.057165
555. 26.403595, 6.057165
556. 26.637403, 6.057165
557. 26.882580, 6.057165
558. 26.519983, 6.057165
559. 26.850252, 6.057165
560. 27.035212, 6.057165
561. 27.083311, 6.057165
562. 27.388969, 6.057165
563. 27.254492, 6.057165
564. 27.721479, 6.057165
565. 27.871437, 6.057165
566. 28.143913, 6.057165
567. 28.090406, 6.057165
568. 28.069218, 6.057165
569. 28.205540, 6.057165
570. 28.462027, 6.057165
571. 43.482628, 6.057165
572. 28.454773, 6.057165
573. 28.426594, 6.057165
574. 28.084126, 6.057165
575. 43.137245, 6.057165
576. 27.918680, 6.057165
577. 41.749825, 6.057165
