0. 25.531347, 0.000000
1. 84.266510, 0.000000
2. 25.991711, 0.000000
3. 37.850723, 0.000000
4. 26.308874, 0.000000
5. 26.347509, 0.000000
6. 26.220987, 0.000000
7. 26.371021, 0.000000
8. 26.292349, 0.000000
9. 25.932005, 0.000000
10. 26.344746, 0.000000
11. 26.649414, 0.000000
12. 26.953257, 0.000000
13. 26.909220, 0.000000
14. 26.725975, 0.000000
15. 26.656485, 0.000000
16. 26.736643, 0.000000
17. 26.594393, 0.000000
18. 26.831608, 0.000000
19. 26.766560, 0.000000
20. 43.484509, 0.000000
21. 26.878265, 0.000000
22. 97.516212, 0.000000
23. 26.982935, 0.000000
24. 26.478746, 0.000000
25. 26.612003, 0.000000
26. 26.351656, 0.000000
27. 26.812275, 0.000000
28. 26.784399, 0.000000
29. 26.453648, 0.000000
30. 26.369638, 0.000000
31. 40.214119, 0.000000
32. 26.244961, 0.000000
33. 26.449471, 0.000000
34. 41.122688, 0.000000
35. 27.151377, 0.000000
36. 26.954702, 0.000000
37. 40.243114, 0.000000
38. 26.498301, 0.000000
39. 28.601389, 0.000000
40. 30.792864, 0.000000
41. 30.501202, 0.000000
42. 37.521362, 0.000000
43. 42.507599, 0.000000
44. 46.572548, 8.665042
45. 47.289352, 16.811138
46. 48.222202, 19.341190
47. 48.616547, 46.076317
48. 49.674160, 33.490322
49. 52.935173, 37.426903
50. 55.316277, 40.175770
51. 58.916882, 44.352047
52. 60.248833, 46.989723
53. 62.412075, 49.960968
54. 62.924129, 54.008442
55. 63.941296, 57.971016
56. 63.165443, 61.479347
57. 63.969791, 64.257027
58. 63.557034, 68.376068
59. 63.573120, 70.175438
60. 63.304741, 70.874863
61. 63.860012, 74.332176
62. 63.504807, 77.575760
63. 63.476723, 82.051285
64. 63.444656, 84.321480
65. 63.109898, 87.074829
66. 62.594826, 87.431694
67. 62.353973, 88.520058
68. 62.122646, 91.954025
69. 61.809261, 95.665176
70. 61.608387, 96.096100
71. 60.784657, 98.765434
72. 60.917332, 99.688477
73. 60.353790, 104.065041
74. 60.470032, 105.090317
75. 59.555992, 107.744110
76. 59.460827, 107.202682
77. 58.792767, 107.744110
78. 59.212021, 111.111115
79. 58.508595, 110.535408
80. 58.693161, 114.082001
81. 58.406555, 116.575592
82. 58.237282, 112.874786
83. 57.868309, 118.518524
84. 58.308258, 117.216118
85. 57.712078, 115.315315
86. 58.102566, 122.605370
87. 57.911671, 121.904762
88. 58.001938, 121.212128
89. 58.686306, 126.984131
90. 58.315025, 128.514053
91. 59.219002, 124.031013
92. 58.927246, 128.514053
93. 60.122646, 128.514053
94. 59.928993, 126.232742
95. 60.969086, 130.879349
96. 61.017220, 134.171906
97. 61.483971, 131.687241
98. 61.128593, 129.292938
99. 61.992321, 137.634415
100. 62.065083, 134.171906
101. 62.454750, 136.752136
102. 62.995144, 134.171906
103. 63.268864, 135.881104
104. 63.416622, 141.280365
105. 64.227425, 140.350876
106. 63.819447, 138.528137
107. 64.603241, 136.752136
108. 64.466446, 143.176743
109. 64.815788, 142.222229
110. 64.178192, 140.350876
111. 32.511715, 135.881104
112. 64.491272, 143.176743
113. 64.958267, 141.280365
114. 64.570023, 142.222229
115. 65.071861, 139.433548
116. 65.487518, 142.222229
117. 64.611549, 145.124725
118. 65.338463, 136.752136
119. 64.912102, 139.433548
120. 65.008705, 141.280365
121. 65.525963, 146.118729
122. 65.114037, 144.144150
123. 65.453392, 142.222229
124. 64.996094, 140.350876
125. 65.114037, 143.176743
126. 65.160484, 145.124725
127. 65.076080, 145.124725
128. 65.325722, 141.280365
129. 65.198547, 140.350876
130. 65.000298, 142.222229
131. 64.996094, 146.118729
132. 65.449127, 144.144150
133. 65.046585, 139.433548
134. 65.080292, 139.433548
135. 65.092941, 142.222229
136. 65.317223, 146.118729
137. 65.253593, 144.144150
138. 64.920494, 136.752136
139. 65.063438, 142.222229
140. 62.735535, 142.222229
141. 61.195614, 140.350876
142. 59.655003, 139.433548
143. 58.491562, 135.021103
144. 57.682259, 135.021103
145. 56.998329, 134.171906
146. 55.807896, 130.879349
147. 55.073704, 128.514053
148. 54.249977, 127.744514
149. 53.610245, 126.984131
150. 53.128315, 121.904762
151. 52.630150, 123.314072
152. 52.149361, 124.031013
153. 51.568523, 118.518524
154. 50.737782, 118.518524
155. 49.752876, 115.315315
156. 48.471130, 110.535408
157. 47.763706, 110.535408
158. 46.817780, 106.135986
159. 45.637501, 101.587303
160. 43.533497, 99.224808
161. 41.908298, 93.567253
162. 40.452129, 93.158661
163. 39.315578, 87.431694
164. 38.359406, 88.154274
165. 37.813683, 82.687340
166. 36.213581, 81.736916
167. 35.828743, 80.808083
168. 34.647549, 79.012344
169. 62.153389, 74.853806
170. 32.620441, 73.563217
171. 31.561888, 70.407043
172. 30.877089, 68.595932
173. 30.657560, 67.297585
174. 30.841070, 69.716774
175. 31.028708, 70.640182
176. 51.507717, 67.724869
177. 30.448513, 66.047470
178. 46.406910, 63.872257
179. 29.460167, 63.303661
180. 45.367542, 60.778728
181. 27.975430, 60.263657
182. 27.739082, 60.263657
183. 44.719345, 56.888889
184. 28.201582, 54.283291
185. 28.798141, 54.008442
186. 30.660366, 57.657658
187. 31.684313, 54.841476
188. 34.319714, 61.127033
189. 35.072067, 55.267704
190. 35.649490, 55.700611
191. 36.618782, 54.283291
192. 36.417034, 53.067993
193. 36.982719, 53.736359
194. 37.708660, 54.008442
195. 41.518639, 56.437393
196. 45.011852, 55.267704
197. 47.282677, 57.041000
198. 49.595695, 58.931862
199. 52.374996, 60.606064
200. 53.863163, 59.259262
201. 55.453667, 62.015507
202. 55.705788, 62.378170
203. 56.788918, 62.378170
204. 58.325180, 67.510551
205. 59.355442, 69.489685
206. 60.913639, 72.316383
207. 62.276672, 76.738609
208. 61.649971, 75.650124
209. 62.443104, 79.601990
210. 61.371300, 78.144081
211. 61.110004, 79.900124
212. 61.345070, 80.808083
213. 61.195614, 84.321480
214. 62.015282, 87.791496
215. 61.718136, 91.559372
216. 61.691608, 90.780144
217. 61.521618, 94.814819
218. 61.318863, 95.665176
219. 60.873043, 97.412483
220. 60.884109, 99.224808
221. 60.459114, 103.559875
222. 60.736885, 104.065041
223. 59.843323, 103.559875
224. 60.288601, 107.744110
225. 59.612530, 108.291039
226. 59.711731, 111.692848
227. 59.156239, 111.111115
228. 59.267906, 114.082001
229. 59.093609, 117.863724
230. 59.267906, 116.575592
231. 58.734337, 121.212128
232. 58.362450, 122.605370
233. 57.884979, 119.850189
234. 58.355671, 118.518524
235. 57.652470, 121.212128
236. 58.139549, 119.180634
237. 57.781780, 123.314072
238. 58.896156, 126.984131
239. 58.779007, 126.984131
240. 59.362457, 125.490196
241. 59.170174, 132.505173
242. 59.598385, 129.292938
243. 59.893269, 128.514053
244. 61.098854, 130.081299
245. 60.976486, 134.171906
246. 61.638622, 132.505173
247. 61.873974, 130.879349
248. 62.704212, 137.634415
249. 62.602627, 135.021103
250. 62.935955, 133.333344
251. 62.939896, 133.333344
252. 63.799187, 137.634415
253. 63.998318, 141.280365
254. 64.178192, 138.528137
255. 64.165894, 137.634415
256. 64.582474, 140.350876
257. 32.437191, 138.528137
258. 65.004501, 140.350876
259. 64.540985, 141.280365
260. 65.147812, 138.528137
261. 65.025536, 140.350876
262. 65.385239, 142.222229
263. 64.924690, 144.144150
264. 65.046585, 140.350876
265. 65.415039, 144.144150
266. 65.185852, 147.126434
267. 65.304489, 142.222229
268. 65.084511, 139.433548
269. 65.338463, 133.333344
270. 65.270546, 144.144150
271. 65.376732, 145.124725
272. 65.202774, 141.280365
273. 65.190086, 138.528137
274. 65.740334, 141.280365
275. 64.607391, 143.176743
276. 65.279030, 144.144150
277. 64.849258, 140.350876
278. 65.508873, 144.144150
279. 65.355469, 141.280365
280. 64.828339, 144.144150
281. 65.211243, 140.350876
282. 65.342712, 146.118729
283. 64.899529, 142.222229
284. 64.920494, 136.752136
285. 65.585846, 141.280365
286. 64.886955, 142.222229
287. 65.325722, 146.118729
288. 64.920494, 141.280365
289. 65.611542, 145.124725
290. 64.619858, 141.280365
291. 65.393745, 144.144150
292. 64.782356, 142.222229
293. 65.215469, 143.176743
294. 64.761475, 145.124725
295. 65.029747, 141.280365
296. 65.147812, 144.144150
297. 64.899529, 139.433548
298. 65.029747, 137.634415
299. 65.211243, 143.176743
300. 64.882759, 144.144150
301. 64.445770, 140.350876
302. 65.164711, 141.280365
303. 64.828339, 141.280365
304. 65.000298, 142.222229
305. 65.122475, 138.528137
306. 64.845070, 141.280365
307. 65.376732, 145.124725
308. 65.000298, 140.350876
309. 64.928886, 148.148148
310. 65.055008, 140.350876
311. 65.228172, 142.222229
312. 64.644806, 140.350876
313. 65.071861, 145.124725
314. 65.449127, 144.144150
315. 65.308731, 147.126434
316. 65.008705, 144.144150
317. 62.892616, 138.528137
318. 60.430023, 135.021103
319. 58.457531, 133.333344
320. 56.368355, 126.984131
321. 54.944195, 124.756340
322. 53.618828, 121.904762
323. 51.184959, 117.863724
324. 49.395752, 109.965637
325. 47.863827, 109.965637
326. 46.291447, 104.575165
327. 44.643837, 102.073372
328. 43.414986, 96.530922
329. 41.565018, 93.979446
330. 39.839390, 90.395485
331. 38.251335, 87.791496
332. 36.597443, 81.115341
333. 34.659500, 79.306076
334. 59.566582, 75.382805
335. 32.674545, 72.562363
336. 31.087273, 68.817207
337. 30.827822, 67.085953
338. 29.580732, 64.451157
339. 29.492165, 60.952381
340. 29.142290, 61.127033
341. 28.655228, 58.931862
342. 46.083366, 56.888889
343. 28.561548, 58.128975
344. 46.896450, 56.587093
345. 28.897537, 56.737591
346. 29.269636, 54.560955
347. 29.023588, 55.555557
348. 29.163437, 53.601341
349. 47.822819, 48.156509
350. 27.870665, 47.407410
351. 43.037464, 48.265461
352. 27.895426, 45.390072
353. 27.761311, 44.352047
354. 45.034046, 43.184887
355. 28.028498, 41.263702
356. 28.169954, 41.504539
357. 28.059811, 39.000610
358. 27.736019, 38.507824
359. 41.169872, 37.101452
360. 27.373299, 34.408604
361. 29.122017, 35.145527
362. 30.392328, 35.496395
363. 29.710192, 30.346136
364. 36.323555, 32.719837
365. 40.833553, 36.281181
366. 42.581459, 33.916271
367. 45.287788, 36.097012
368. 46.185051, 34.688347
369. 46.841789, 35.914703
370. 46.778545, 36.467239
371. 46.581184, 35.975269
372. 46.927116, 36.529682
373. 47.293804, 37.691402
374. 47.318306, 39.143734
375. 47.866104, 40.404041
376. 49.180553, 41.504539
377. 50.185291, 43.895748
378. 51.054909, 45.878139
379. 51.125053, 48.048050
380. 50.584511, 45.779686
381. 49.938347, 44.912281
382. 50.035336, 46.477852
383. 50.546337, 49.960968
384. 51.044533, 49.497295
385. 51.151081, 52.545158
386. 51.794491, 54.283291
387. 51.544712, 54.283291
388. 49.958210, 52.936314
389. 48.349834, 56.140354
390. 46.036911, 55.555557
391. 44.879150, 53.200333
392. 43.129837, 54.283291
393. 41.661533, 54.560955
394. 40.514114, 52.416054
395. 39.197472, 53.200333
396. 38.060062, 51.779938
397. 37.595779, 52.674900
398. 36.510994, 51.159073
399. 36.110756, 51.405624
400. 35.458252, 50.078247
401. 34.895443, 48.484852
402. 34.826496, 49.960968
403. 34.315022, 48.706242
404. 33.546230, 48.156509
405. 33.047482, 46.681255
406. 32.820774, 46.681255
407. 32.951019, 47.302292
408. 32.580242, 46.783627
409. 52.940750, 45.486855
410. 32.141449, 44.444447
411. 31.854080, 45.293701
412. 31.754412, 43.805614
413. 31.455170, 43.715847
414. 49.893707, 41.585445
415. 29.662825, 39.433151
416. 44.807098, 33.333336
417. 27.012678, 28.558680
418. 26.336458, 24.662813
419. 37.297112, 21.080370
420. 27.822811, 14.662086
421. 25.029510, 14.662086
422. 25.429892, 14.662086
423. 26.838058, 14.662086
424. 27.444332, 14.662086
425. 27.278912, 14.662086
426. 27.006144, 14.662086
427. 26.974966, 14.662086
428. 26.884020, 14.662086
429. 26.787254, 14.662086
430. 26.598618, 14.662086
431. 26.671345, 14.662086
432. 26.235365, 14.662086
433. 26.590170, 14.662086
434. 43.007984, 14.662086
435. 26.657192, 14.662086
436. 26.713894, 14.662086
437. 26.836624, 14.662086
438. 27.054867, 14.662086
439. 27.281134, 14.662086
440. 26.899134, 14.662086
441. 27.089882, 14.662086
442. 26.861019, 14.662086
443. 43.302715, 14.662086
444. 27.366589, 14.662086
445. 27.491642, 14.662086
446. 27.607220, 14.662086
447. 27.620123, 14.662086
448. 41.882095, 14.662086
449. 26.264856, 14.662086
450. 38.610004, 14.662086
451. 26.423733, 14.662086
452. 26.314386, 14.662086
453. 26.346819, 14.662086
454. 25.619888, 14.662086
455. 25.843954, 14.662086
456. 38.306755, 14.662086
457. 25.980957, 14.662086
458. 26.173172, 14.662086
459. 25.873238, 14.662086
460. 26.185452, 14.662086
461. 26.429293, 14.662086
462. 26.170444, 14.662086
463. 25.901253, 14.662086
464. 25.954111, 14.662086
465. 26.091608, 14.662086
466. 26.630342, 14.662086
467. 26.517183, 14.662086
468. 42.163311, 14.662086
469. 26.554329, 14.662086
470. 26.716024, 14.662086
471. 41.171558, 14.662086
472. 27.329369, 14.662086
473. 27.743679, 0.461191
474. 43.340073, 0.461191
475. 27.940420, 0.461191
476. 28.376816, 0.461191
477. 28.055109, 0.461191
478. 27.073093, 8.271940
479. 44.172768, 8.271940
480. 26.748743, 8.271940
481. 26.772264, 5.474297
482. 41.441574, 5.474297
483. 27.018490, 5.474297
484. 27.420364, 5.474297
485. 43.079906, 5.474297
486. 28.114775, 5.474297
487. 28.188923, 5.474297
488. 28.186550, 5.474297
489. 27.957525, 5.474297
490. 43.066978, 5.474297
491. 28.464447, 5.474297
492. 28.470900, 5.474297
493. 28.301678, 5.474297
494. 42.530991, 5.474297
495. 28.144701, 5.474297
496. 28.301678, 5.474297
497. 28.555864, 5.474297
