0. 27.321936, 0.000000
1. 17.079636, 0.000000
2. 17.079636, 0.000000
3. 27.353922, 0.000000
4. 27.353178, 0.000000
5. 27.674900, 0.000000
6. 27.869890, 0.000000
7. 43.174320, 0.000000
8. 27.498415, 0.000000
9. 27.849806, 0.000000
10. 27.671089, 0.000000
11. 27.556488, 0.000000
12. 42.755417, 0.000000
13. 27.712303, 0.000000
14. 27.382252, 0.000000
15. 42.539993, 0.000000
16. 27.216837, 0.000000
17. 28.037886, 0.000000
18. 33.941746, 0.000000
19. 35.610321, 0.000000
20. 37.078259, 0.000000
21. 40.640305, 0.000000
22. 42.523788, 5.990827
23. 46.053795, 20.240355
24. 46.639568, 36.467239
25. 47.289352, 27.996502
26. 48.569542, 60.778728
27. 49.854095, 35.145527
28. 53.342690, 38.300419
29. 56.072639, 41.912247
30. 58.355671, 45.102184
31. 60.115452, 49.155148
32. 61.684036, 50.793652
33. 62.629944, 54.283291
34. 62.979351, 57.041000
35. 63.141628, 60.434376
36. 63.233028, 62.930187
37. 63.819447, 65.843620
38. 63.677879, 69.039917
39. 63.557034, 71.829407
40. 63.925022, 75.919334
41. 63.292778, 75.382805
42. 62.935955, 81.115341
43. 63.205181, 80.503143
44. 63.312721, 84.656090
45. 63.018852, 84.656090
46. 62.999096, 89.260811
47. 62.872940, 89.260811
48. 62.103447, 93.979446
49. 61.653751, 91.954025
50. 60.935806, 94.395287
51. 61.733307, 96.096100
52. 60.729542, 99.224808
53. 60.674530, 101.105850
54. 60.288601, 106.135986
55. 60.583065, 107.202682
56. 59.718826, 106.666672
57. 59.616066, 108.843544
58. 58.958370, 107.744110
59. 59.341419, 114.695343
60. 59.239952, 111.692848
61. 58.237282, 108.291039
62. 58.823746, 115.942032
63. 58.264297, 114.082001
64. 58.648624, 119.180634
65. 58.308258, 120.527313
66. 58.156376, 120.527313
67. 58.217033, 120.527313
68. 57.758526, 124.031013
69. 58.399765, 124.756340
70. 58.176582, 122.605370
71. 59.337914, 124.756340
72. 59.274902, 124.756340
73. 59.825508, 124.756340
74. 59.429173, 129.292938
75. 60.375553, 128.514053
76. 60.324802, 125.490196
77. 61.281460, 126.984131
78. 61.054298, 129.292938
79. 61.714348, 128.514053
80. 61.412563, 129.292938
81. 61.737099, 130.879349
82. 62.520821, 135.881104
83. 62.806126, 135.021103
84. 62.802197, 134.171906
85. 63.448662, 132.505173
86. 63.372623, 135.881104
87. 63.892502, 135.881104
88. 63.973866, 133.333344
89. 64.474724, 136.752136
90. 64.536842, 144.144150
91. 64.561722, 140.350876
92. 64.570023, 136.752136
93. 64.174088, 135.021103
94. 65.156265, 143.176743
95. 64.912102, 145.124725
96. 65.304489, 140.350876
97. 64.832520, 134.171906
98. 65.135139, 145.124725
99. 65.152039, 141.280365
100. 65.253593, 141.280365
101. 65.168938, 142.222229
102. 65.173172, 137.634415
103. 65.173172, 145.124725
104. 65.517418, 142.222229
105. 65.181625, 139.433548
106. 65.432076, 141.280365
107. 32.651184, 142.222229
108. 65.376732, 142.222229
109. 65.109818, 141.280365
110. 65.126694, 140.350876
111. 65.207008, 140.350876
112. 65.232407, 146.118729
113. 65.551613, 140.350876
114. 64.991882, 147.126434
115. 65.410782, 137.634415
116. 65.398003, 135.881104
117. 65.436340, 147.126434
118. 65.663002, 145.124725
119. 65.236641, 142.222229
120. 65.346962, 136.752136
121. 65.427818, 140.350876
122. 65.160484, 144.144150
123. 64.644806, 141.280365
124. 61.581951, 139.433548
125. 60.191082, 134.171906
126. 58.193428, 134.171906
127. 56.959553, 130.081299
128. 55.625599, 124.756340
129. 54.692955, 124.756340
130. 53.198643, 123.314072
131. 52.214405, 117.863724
132. 50.671249, 116.575592
133. 49.356926, 114.695343
134. 48.143639, 107.202682
135. 46.811237, 106.135986
136. 44.903221, 102.564102
137. 43.873779, 97.859329
138. 42.369568, 97.859329
139. 40.996841, 93.158661
140. 39.765282, 91.168091
141. 39.159275, 88.154274
142. 37.297112, 86.021507
143. 36.332752, 83.009079
144. 35.586353, 78.431374
145. 34.176121, 77.015648
146. 32.779015, 73.563217
147. 51.650707, 70.175438
148. 30.317125, 67.297585
149. 47.136269, 65.439674
150. 28.931654, 63.872257
151. 44.283745, 57.657658
152. 27.876078, 57.193924
153. 27.670326, 56.888889
154. 41.480927, 52.674900
155. 27.247839, 53.736359
156. 26.927250, 51.779938
157. 38.883453, 50.196079
158. 26.255934, 47.619049
159. 39.215832, 50.793652
160. 29.321745, 51.282051
161. 48.879082, 52.287582
162. 28.558300, 50.673004
163. 51.762470, 55.555557
164. 35.463257, 50.552925
165. 37.647903, 50.314468
166. 38.624847, 51.159073
167. 39.702423, 51.036686
168. 40.763969, 51.405624
169. 41.087376, 49.497295
170. 41.151325, 49.268669
171. 41.578777, 49.960968
172. 42.097946, 48.265461
173. 42.651958, 50.314468
174. 43.525951, 50.793652
175. 44.149475, 49.844238
176. 44.893188, 49.042149
177. 45.102783, 51.654560
178. 45.944283, 52.032520
179. 46.682907, 50.314468
180. 46.486355, 50.314468
181. 47.131847, 52.936314
182. 47.338371, 52.545158
183. 47.745548, 52.287582
184. 47.731937, 52.545158
185. 48.017090, 54.008442
186. 48.115971, 51.905922
187. 48.236092, 52.936314
188. 48.256943, 52.936314
189. 47.879791, 53.872055
190. 49.118042, 52.545158
191. 51.465504, 54.700855
192. 53.342690, 56.288479
193. 55.533360, 58.608059
194. 57.385742, 62.745098
195. 59.020710, 66.666672
196. 60.122646, 68.157616
197. 60.535614, 70.175438
198. 56.251587, 68.595932
199. 53.089012, 72.316383
200. 50.822479, 73.059364
201. 48.335876, 69.945358
202. 46.263737, 72.316383
203. 44.625992, 70.175438
204. 43.843147, 71.348946
205. 42.223557, 71.829407
206. 41.443287, 69.489685
207. 40.380592, 70.407043
208. 39.446781, 69.264069
209. 38.951290, 68.376068
210. 38.788879, 69.264069
211. 39.066395, 66.666672
212. 41.426197, 69.716774
213. 42.228882, 70.640182
214. 43.340073, 72.316383
215. 44.835091, 73.817764
216. 45.445518, 71.829407
217. 46.613602, 74.592079
218. 47.380787, 77.294685
219. 48.324253, 76.463562
220. 45.589870, 76.738609
221. 44.456177, 76.738609
222. 42.980389, 76.190475
223. 41.385242, 74.074074
224. 40.533730, 73.817764
225. 39.685173, 72.316383
226. 40.265694, 73.563217
227. 41.684006, 74.592079
228. 40.002769, 72.072075
229. 39.369495, 71.829407
230. 38.890980, 72.072075
231. 40.875084, 74.332176
232. 41.589104, 72.072075
233. 43.011669, 72.316383
234. 41.082333, 72.316383
235. 40.663330, 72.072075
236. 39.686741, 71.111115
237. 38.727577, 71.348946
238. 38.061504, 69.264069
239. 37.279121, 69.489685
240. 37.022240, 68.376068
241. 36.281582, 66.458984
242. 35.600224, 65.641029
243. 34.635601, 61.479347
244. 33.708298, 61.657036
245. 32.627857, 60.093899
246. 32.000175, 57.193924
247. 30.981823, 55.411259
248. 30.360184, 53.601341
249. 29.595545, 52.287582
250. 29.043724, 50.078247
251. 28.829542, 48.048050
252. 28.017555, 47.512993
253. 45.652016, 45.197742
254. 27.590542, 42.328045
255. 27.406900, 43.010754
256. 27.270765, 41.343670
257. 26.855276, 39.000610
258. 26.761568, 37.230949
259. 26.785826, 35.145527
260. 26.687639, 34.242912
261. 26.593689, 32.820515
262. 40.530460, 31.558186
263. 26.568373, 57.657658
264. 26.564157, 27.886711
265. 40.813648, 48.817699
266. 25.851269, 24.806202
267. 25.515785, 22.939070
268. 25.240154, 19.698370
269. 224.616486, 14.866435
270. 25.093901, 14.866435
271. 27.314508, 7.901235
272. 30.585697, 7.901235
273. 30.954144, 7.901235
274. 30.725063, 7.901235
275. 29.498226, 7.901235
276. 26.922920, 7.901235
277. 38.832355, 7.901235
278. 25.832659, 7.901235
279. 25.231913, 7.901235
280. 24.614979, 7.901235
281. 226.643265, 7.901235
282. 27.241928, 7.901235
283. 35.809586, 7.901235
284. 23.882421, 7.901235
285. 218.367645, 7.901235
286. 26.889774, 7.901235
287. 26.815853, 7.901235
288. 227.773651, 0.622962
289. 44.104897, 0.622962
290. 29.648821, 0.622962
291. 61.771259, 3.654220
292. 40.973434, 3.654220
293. 45.768475, 5.275305
294. 46.329868, 38.507824
295. 47.085461, 20.997375
296. 47.129635, 23.113037
297. 47.950630, 30.695444
298. 50.125202, 33.755276
299. 53.941242, 38.231781
300. 56.885380, 41.184044
301. 58.260921, 45.486855
302. 61.136032, 48.929665
303. 61.805462, 53.067993
304. 63.557034, 55.846424
305. 63.237007, 58.931862
306. 63.694027, 63.872257
307. 63.468704, 65.040649
308. 63.468704, 68.595932
309. 63.368626, 71.588371
310. 63.945366, 75.382805
311. 63.177361, 76.463562
312. 63.778934, 80.503143
313. 63.276833, 82.687340
314. 63.528900, 84.656090
315. 62.955673, 87.431694
316. 63.086121, 89.635857
317. 62.684650, 92.352097
318. 61.835892, 92.352097
319. 61.813065, 96.969704
320. 61.390049, 97.412483
321. 61.330093, 102.073372
322. 60.575760, 101.587303
323. 60.473671, 103.059586
324. 60.007740, 106.135986
325. 59.996986, 104.575165
326. 59.239952, 107.744110
327. 59.594849, 107.744110
328. 58.758381, 109.965637
329. 59.044991, 112.874786
330. 58.430332, 113.475182
331. 58.392979, 119.180634
332. 58.206917, 119.180634
333. 57.579781, 118.518524
334. 57.530323, 121.904762
335. 57.841656, 122.605370
336. 57.284313, 117.216118
337. 57.454655, 126.232742
338. 58.102566, 124.756340
339. 57.988548, 124.756340
340. 59.288891, 126.984131
341. 59.439720, 128.514053
342. 60.266903, 125.490196
343. 59.854019, 126.232742
344. 60.876732, 132.505173
345. 60.861980, 133.333344
346. 61.525387, 131.687241
347. 61.771259, 133.333344
348. 62.528603, 134.171906
349. 63.078201, 132.505173
350. 63.561054, 133.333344
351. 63.673843, 136.752136
352. 64.524406, 137.634415
353. 64.211006, 137.634415
354. 64.487137, 138.528137
355. 64.293182, 137.634415
356. 64.112663, 139.433548
357. 65.198547, 142.222229
358. 64.644806, 136.752136
359. 65.283272, 133.333344
360. 64.723930, 144.144150
361. 32.629974, 142.222229
362. 65.190086, 142.222229
363. 65.152039, 136.752136
364. 65.432076, 140.350876
365. 65.585846, 143.176743
366. 32.756573, 143.176743
367. 65.355469, 140.350876
368. 65.262070, 138.528137
369. 65.671585, 147.126434
370. 65.641548, 146.118729
371. 65.530235, 143.176743
372. 65.135139, 136.752136
373. 65.453392, 143.176743
374. 65.419296, 145.124725
375. 65.986443, 145.124725
376. 65.266312, 140.350876
377. 65.585846, 143.176743
378. 65.215469, 139.433548
379. 65.538788, 143.176743
380. 64.924690, 143.176743
381. 63.364628, 142.222229
382. 62.669010, 138.528137
383. 61.225445, 135.881104
384. 59.243443, 133.333344
385. 57.059834, 128.514053
386. 54.464661, 121.212128
387. 52.804413, 121.212128
388. 51.023796, 117.216118
389. 48.642437, 107.202682
390. 46.918350, 107.202682
391. 45.486671, 101.587303
392. 43.142803, 99.688477
393. 41.713425, 93.158661
394. 39.635078, 90.780144
395. 38.015423, 85.333336
396. 37.138565, 83.989502
397. 35.499596, 78.720787
398. 57.801723, 77.294685
399. 33.189400, 72.810013
400. 31.384424, 70.175438
401. 30.592216, 66.458984
402. 29.218565, 61.302685
403. 28.956669, 60.263657
404. 28.175484, 57.813911
405. 27.720715, 53.872055
406. 43.293385, 54.283291
407. 27.663469, 53.872055
408. 41.400593, 53.601341
409. 27.219788, 54.283291
410. 45.318428, 58.608059
411. 31.773491, 52.545158
412. 50.444824, 52.287582
413. 32.795063, 51.905922
414. 32.995388, 52.032520
415. 54.642387, 51.779938
416. 32.790783, 49.960968
417. 34.051025, 49.728050
418. 61.046879, 50.433414
419. 37.117985, 46.783627
420. 36.450066, 46.376812
421. 39.063358, 49.042149
422. 39.600708, 47.512993
423. 39.974121, 47.302292
424. 41.310371, 50.914879
425. 41.371609, 48.048050
426. 41.455254, 46.376812
427. 41.491207, 46.376812
428. 41.791504, 47.197643
429. 41.925789, 47.093452
430. 41.682274, 45.779686
431. 42.103237, 45.779686
432. 41.934536, 46.076317
433. 42.023991, 46.076317
434. 42.713612, 43.805614
435. 43.039307, 44.630405
436. 42.960175, 46.681255
437. 43.181740, 46.376812
438. 43.179886, 45.977013
439. 43.241211, 45.681656
440. 43.261692, 45.977013
441. 43.956318, 47.197643
442. 43.703926, 46.579330
443. 43.776287, 45.977013
444. 43.921730, 46.076317
445. 44.322815, 46.989723
446. 44.089413, 46.989723
447. 44.168880, 46.276211
448. 44.079742, 47.940075
449. 44.989681, 48.048050
450. 45.289829, 47.619049
451. 45.285748, 49.155148
452. 45.326607, 49.728050
453. 46.136269, 49.497295
454. 46.698097, 50.196079
455. 46.494957, 51.654560
456. 46.942463, 53.067993
457. 47.061199, 51.529793
458. 47.255989, 53.601341
459. 47.804615, 54.700855
460. 48.482822, 54.421772
461. 48.727367, 57.813911
462. 48.473469, 57.657658
463. 47.895771, 56.737591
464. 45.889721, 57.813911
465. 44.322815, 57.971016
466. 43.246796, 57.813911
467. 41.537521, 57.041000
468. 40.079365, 57.193924
469. 38.909054, 56.437393
470. 38.122162, 55.555557
471. 37.034523, 55.124893
472. 36.398563, 54.982819
473. 61.721928, 51.905922
474. 34.901505, 51.654560
475. 33.828606, 50.433414
476. 55.212925, 47.512993
477. 32.158939, 46.376812
478. 31.346235, 45.977013
479. 30.646339, 43.805614
480. 29.245781, 41.025642
481. 28.625019, 39.072041
482. 28.188131, 38.095238
483. 27.253012, 36.529682
484. 41.310371, 33.808769
485. 26.641642, 30.563517
486. 26.303364, 28.070177
487. 25.999783, 26.800671
488. 26.052368, 46.176048
489. 25.020784, 23.677397
490. 24.553619, 22.061359
491. 225.574661, 20.512821
492. 227.722015, 19.030628
493. 24.474667, 16.797901
494. 225.321716, 13.266998
495. 24.944996, 13.266998
496. 36.770222, 10.856659
497. 24.898014, 18.812464
498. 25.372736, 18.812464
499. 25.408026, 18.812464
500. 36.152336, 18.812464
501. 25.000238, 18.812464
502. 25.228111, 18.812464
503. 25.600958, 18.812464
504. 25.278255, 18.812464
505. 25.331793, 18.812464
506. 25.602915, 18.812464
507. 37.666252, 18.812464
508. 25.648012, 18.812464
509. 39.240337, 18.812464
510. 26.140486, 18.812464
511. 26.535393, 18.812464
512. 26.627520, 18.812464
513. 26.506689, 18.812464
514. 26.393190, 18.812464
515. 26.592985, 18.812464
516. 26.983660, 18.812464
517. 27.398680, 18.812464
518. 27.430845, 18.812464
519. 27.281874, 18.812464
520. 27.754408, 18.812464
521. 42.786369, 18.812464
522. 27.876078, 18.812464
523. 27.960636, 18.812464
524. 43.461937, 18.812464
525. 27.828978, 18.812464
