0. 23.596918, 0.000000
1. 37.680378, 0.000000
2. 39.702423, 0.000000
3. 25.940708, 0.000000
4. 25.929996, 0.000000
5. 26.053719, 0.000000
6. 25.381067, 0.000000
7. 25.661114, 0.000000
8. 26.121456, 0.000000
9. 39.473129, 0.000000
10. 26.232626, 0.000000
11. 25.991037, 0.000000
12. 25.765747, 0.000000
13. 26.333008, 0.000000
14. 42.892315, 0.000000
15. 26.183403, 0.000000
16. 26.068590, 0.000000
17. 25.873238, 0.000000
18. 25.898581, 0.000000
19. 25.408669, 0.000000
20. 36.654854, 0.000000
21. 25.680790, 0.000000
22. 25.471798, 0.000000
23. 38.151112, 0.000000
24. 25.550177, 0.000000
25. 25.668980, 0.000000
26. 25.581402, 0.000000
27. 37.064579, 0.000000
28. 25.331154, 0.000000
29. 25.301172, 0.000000
30. 25.076988, 0.000000
31. 24.994640, 0.000000
32. 28.351192, 0.000000
33. 25.113344, 0.000000
34. 25.094526, 0.000000
35. 25.217348, 0.000000
36. 25.401602, 0.000000
37. 25.340099, 0.000000
38. 25.491831, 0.000000
39. 37.849297, 0.000000
40. 25.487951, 0.000000
41. 40.599247, 0.000000
42. 25.969540, 0.000000
43. 25.976927, 0.000000
44. 25.954111, 0.000000
45. 26.443205, 0.000000
46. 40.095360, 0.000000
47. 25.757160, 0.000000
48. 25.925982, 0.000000
49. 37.812260, 0.000000
50. 25.915281, 0.000000
51. 25.304996, 0.000000
52. 25.414454, 0.000000
53. 25.294167, 0.000000
54. 25.625771, 0.000000
55. 40.483101, 0.000000
56. 26.077387, 0.000000
57. 26.164312, 0.000000
58. 43.142803, 0.000000
59. 26.613413, 0.000000
60. 39.622574, 0.000000
61. 26.351656, 0.000000
62. 26.430683, 0.000000
63. 26.279284, 0.000000
64. 41.434738, 0.000000
65. 26.213461, 0.000000
66. 26.409840, 0.000000
67. 26.390417, 0.000000
68. 26.160225, 0.000000
69. 38.553707, 0.000000
70. 26.068590, 0.000000
71. 25.672916, 0.000000
72. 25.639503, 0.000000
73. 37.826496, 0.000000
74. 25.446636, 0.000000
75. 25.644083, 0.000000
76. 25.419598, 0.000000
77. 25.850603, 0.000000
78. 40.658394, 0.000000
79. 219.608643, 0.000000
80. 29.154974, 0.000000
81. 30.274191, 0.000000
82. 36.053741, 0.000000
83. 41.369907, 0.000000
84. 44.793114, 11.099549
85. 46.613602, 14.876801
86. 46.563915, 20.894548
87. 46.960018, 22.199099
88. 47.902622, 30.784031
89. 50.536167, 34.353195
90. 53.356853, 39.000610
91. 56.447529, 41.423950
92. 58.652046, 43.805614
93. 60.594028, 47.197643
94. 62.103447, 50.793652
95. 62.633850, 54.008442
96. 63.689987, 56.737591
97. 63.565075, 61.835751
98. 63.990166, 64.257027
99. 63.855953, 65.040649
100. 64.276733, 71.111115
101. 64.079948, 71.829407
102. 63.633514, 73.817764
103. 64.280846, 78.431374
104. 63.953506, 80.200500
105. 63.925022, 83.660133
106. 63.488754, 84.656090
107. 63.706142, 89.635857
108. 63.324692, 87.791496
109. 63.344654, 93.567253
110. 62.676830, 93.567253
111. 62.672920, 96.969704
112. 62.342365, 98.765434
113. 61.801659, 100.628937
114. 61.465164, 102.073372
115. 61.083996, 102.073372
116. 60.828815, 106.135986
117. 61.017220, 104.575165
118. 60.065140, 108.843544
119. 60.317558, 105.610565
120. 59.704632, 107.744110
121. 60.165852, 108.843544
122. 59.517181, 109.965637
123. 59.782791, 114.695343
124. 59.142311, 118.518524
125. 59.372978, 112.874786
126. 59.044991, 119.180634
127. 59.460827, 121.212128
128. 58.460930, 118.518524
129. 59.135349, 126.232742
130. 58.338726, 125.490196
131. 58.641777, 120.527313
132. 58.190060, 125.490196
133. 59.219002, 126.232742
134. 59.205044, 126.232742
135. 60.324802, 127.744514
136. 60.466393, 126.984131
137. 60.854607, 130.081299
138. 60.836182, 127.744514
139. 61.540462, 132.505173
140. 61.318863, 129.292938
141. 62.230385, 130.081299
142. 62.072750, 132.505173
143. 62.598728, 134.171906
144. 62.712040, 136.752136
145. 63.328682, 132.505173
146. 63.372623, 134.171906
147. 64.067696, 137.634415
148. 63.953506, 138.528137
149. 64.379700, 138.528137
150. 64.557579, 134.171906
151. 64.482994, 140.350876
152. 64.907913, 141.280365
153. 64.786537, 138.528137
154. 64.632332, 137.634415
155. 64.686424, 137.634415
156. 65.215469, 141.280365
157. 65.004501, 142.222229
158. 65.304489, 138.528137
159. 64.933083, 141.280365
160. 65.427818, 141.280365
161. 65.461922, 141.280365
162. 65.291756, 142.222229
163. 64.757301, 140.350876
164. 64.903717, 138.528137
165. 65.245117, 143.176743
166. 65.534508, 144.144150
167. 65.478989, 141.280365
168. 65.101379, 136.752136
169. 65.295998, 143.176743
170. 65.809235, 143.176743
171. 65.470451, 144.144150
172. 65.215469, 141.280365
173. 65.457657, 143.176743
174. 65.684464, 144.144150
175. 65.262070, 140.350876
176. 65.667290, 141.280365
177. 65.308731, 140.350876
178. 65.727432, 145.124725
179. 65.723137, 140.350876
180. 65.152039, 141.280365
181. 61.570633, 138.528137
182. 60.270519, 134.171906
183. 59.138828, 138.528137
184. 58.045502, 135.021103
185. 57.484241, 135.021103
186. 56.450699, 127.744514
187. 55.860645, 131.687241
188. 55.155334, 129.292938
189. 54.523773, 125.490196
190. 53.710552, 126.232742
191. 53.354019, 124.031013
192. 52.525593, 119.180634
193. 51.709190, 118.518524
194. 50.416981, 116.575592
195. 49.644707, 110.535408
196. 48.368454, 110.535408
197. 46.920544, 105.610565
198. 45.289829, 102.564102
199. 44.085545, 100.156494
200. 42.914299, 98.765434
201. 41.266258, 93.979446
202. 40.231834, 89.635857
203. 39.513493, 88.154274
204. 38.223686, 83.009079
205. 37.111126, 82.687340
206. 62.528603, 80.808083
207. 34.792725, 77.858887
208. 56.415833, 74.332176
209. 32.494892, 71.111115
210. 31.636425, 70.175438
211. 30.918898, 65.843620
212. 30.460512, 65.641029
213. 29.955563, 64.451157
214. 29.217714, 59.925095
215. 29.092503, 61.302685
216. 28.895874, 59.259262
217. 28.234869, 56.437393
218. 42.668262, 54.421772
219. 27.658138, 52.416054
220. 27.401669, 52.416054
221. 27.496157, 50.314468
222. 27.141109, 48.706242
223. 27.033756, 50.314468
224. 27.041759, 51.159073
225. 28.055893, 50.673004
226. 27.868345, 48.374908
227. 27.893103, 46.783627
228. 30.906532, 45.390072
229. 32.532772, 47.725578
230. 34.559357, 47.832588
231. 38.531528, 48.156509
232. 41.015251, 46.886448
233. 41.749825, 48.374908
234. 42.191643, 49.382717
235. 42.489620, 48.706242
236. 43.654552, 47.940075
237. 43.879528, 48.374908
238. 44.344334, 50.196079
239. 44.266182, 49.042149
240. 44.943394, 51.529793
241. 44.517239, 49.497295
242. 44.560677, 48.929665
243. 45.614708, 49.042149
244. 45.816479, 50.433414
245. 46.155346, 50.552925
246. 46.761127, 49.844238
247. 46.931499, 49.960968
248. 46.361938, 50.914879
249. 47.213795, 51.405624
250. 47.184971, 49.960968
251. 47.542213, 52.159740
252. 47.866104, 51.905922
253. 47.298256, 50.196079
254. 47.103119, 49.155148
255. 47.772789, 49.960968
256. 48.795998, 51.282051
257. 50.454956, 53.736359
258. 52.531086, 55.846424
259. 53.573082, 58.931862
260. 55.389469, 59.424328
261. 57.294113, 62.378170
262. 58.217033, 66.458984
263. 59.804142, 65.439674
264. 60.539261, 71.111115
265. 61.416321, 71.588371
266. 61.729515, 75.650124
267. 61.412563, 76.190475
268. 62.145702, 78.144081
269. 62.134171, 83.660133
270. 62.388821, 82.051285
271. 62.315300, 88.520058
272. 62.238094, 86.720871
273. 61.555542, 89.260811
274. 61.805462, 92.352097
275. 61.420074, 92.352097
276. 61.446369, 95.238098
277. 61.006107, 99.688477
278. 55.475101, 93.567253
279. 52.290493, 95.238098
280. 49.792328, 90.780144
281. 47.136269, 92.352097
282. 45.371639, 88.154274
283. 43.806828, 89.635857
284. 42.547199, 83.660133
285. 41.404003, 84.656090
286. 39.652283, 80.503143
287. 38.933178, 78.720787
288. 37.197689, 74.332176
289. 35.538521, 72.072075
290. 34.258858, 69.264069
291. 32.377609, 64.064064
292. 52.087177, 60.778728
293. 29.956455, 58.287796
294. 47.394196, 54.982819
295. 27.955969, 50.314468
296. 27.255970, 48.374908
297. 25.985661, 41.504539
298. 37.581715, 39.072041
299. 25.026392, 34.632034
300. 23.986763, 30.476191
301. 219.177475, 28.406570
302. 26.454346, 24.893038
303. 219.656662, 21.312021
304. 26.300610, 32.719837
305. 214.865173, 15.023475
306. 25.783600, 15.023475
307. 26.017960, 7.939462
308. 219.081894, 7.939462
309. 27.179289, 7.939462
310. 27.410639, 7.939462
311. 28.121857, 7.939462
312. 27.071634, 7.939462
313. 31.300339, 7.939462
314. 32.315125, 7.939462
315. 31.590666, 7.939462
316. 29.456713, 7.939462
317. 28.421770, 7.939462
318. 26.985834, 7.939462
319. 39.102886, 7.939462
320. 25.625771, 7.939462
321. 24.327698, 7.939462
322. 224.315598, 7.939462
323. 38.832355, 7.939462
324. 31.226404, 7.939462
325. 35.108837, 7.939462
326. 35.492073, 7.939462
327. 35.927395, 7.939462
328. 35.900436, 7.939462
329. 35.758606, 7.939462
330. 60.256062, 7.939462
331. 35.342255, 7.939462
332. 62.353973, 7.939462
333. 34.872429, 7.939462
334. 57.975163, 7.939462
335. 35.300034, 7.939462
336. 35.362156, 7.939462
337. 35.731899, 7.939462
338. 38.067272, 7.939462
339. 39.696152, 8.743170
340. 41.072258, 15.697818
341. 42.417866, 39.143734
342. 44.430618, 28.107159
343. 47.118584, 29.104139
344. 49.058083, 32.619778
345. 52.688110, 35.674473
346. 54.986294, 39.950062
347. 57.735294, 44.077137
348. 59.683353, 46.076317
349. 61.480209, 48.265461
350. 63.014900, 53.200333
351. 63.673843, 55.700611
352. 64.346710, 59.095108
353. 64.416847, 61.302685
354. 64.748955, 66.047470
355. 64.624016, 67.085953
356. 64.202797, 71.111115
357. 64.215103, 73.817764
358. 63.766792, 76.738609
359. 64.309647, 81.115341
360. 63.973866, 81.115341
361. 63.557034, 84.321480
362. 63.750607, 83.989502
363. 63.360634, 89.260811
364. 63.248951, 88.888893
365. 62.766888, 94.395287
366. 62.778652, 94.814819
367. 62.095772, 99.688477
368. 62.042088, 98.310295
369. 61.408810, 102.564102
370. 61.536690, 100.628937
371. 60.648891, 104.065041
372. 61.158363, 106.135986
373. 60.404591, 103.559875
374. 60.480949, 110.535408
375. 59.950447, 110.535408
376. 60.036423, 110.535408
377. 59.344925, 110.535408
378. 59.170174, 111.692848
379. 59.239952, 117.216118
380. 58.758381, 114.695343
381. 58.899612, 116.575592
382. 58.331955, 121.212128
383. 58.834080, 123.314072
384. 57.755207, 117.863724
385. 58.260921, 125.490196
386. 57.978508, 126.232742
387. 58.522224, 119.850189
388. 58.816856, 126.232742
389. 59.260914, 123.314072
390. 59.138828, 126.232742
391. 59.886127, 125.490196
392. 59.814823, 128.514053
393. 60.430023, 128.514053
394. 60.604992, 124.756340
395. 61.054298, 131.687241
396. 61.551773, 130.879349
397. 61.499023, 130.081299
398. 62.614330, 130.081299
399. 62.485825, 133.333344
400. 62.904430, 135.881104
401. 62.731617, 135.021103
402. 63.673843, 136.752136
403. 63.621426, 137.634415
404. 64.075867, 135.881104
405. 64.350830, 136.752136
406. 64.487137, 135.021103
407. 65.147812, 142.222229
408. 64.636490, 136.752136
409. 65.312981, 141.280365
410. 64.857628, 135.881104
411. 65.645836, 143.176743
412. 65.168938, 142.222229
413. 65.114037, 143.176743
414. 65.312981, 139.433548
415. 65.122475, 141.280365
416. 65.376732, 145.124725
417. 65.645836, 145.124725
418. 65.564445, 142.222229
419. 65.181625, 140.350876
420. 65.663002, 144.144150
421. 65.190086, 143.176743
422. 65.675880, 144.144150
423. 65.368225, 142.222229
424. 65.177399, 134.171906
425. 62.026768, 142.222229
426. 60.513737, 138.528137
427. 59.191090, 142.222229
428. 58.916882, 136.752136
429. 59.886127, 133.333344
430. 61.942635, 140.350876
431. 62.415951, 137.634415
432. 62.214970, 136.752136
433. 62.172623, 134.171906
434. 61.977024, 137.634415
435. 62.353973, 139.433548
436. 61.259045, 132.505173
437. 59.408085, 130.081299
438. 57.639236, 134.171906
439. 56.705585, 132.505173
440. 55.838913, 126.232742
441. 54.432201, 127.744514
442. 53.610245, 120.527313
443. 52.173733, 115.315315
444. 50.531086, 113.475182
445. 48.539040, 109.965637
446. 46.951241, 105.090317
447. 45.204247, 103.559875
448. 43.709629, 97.859329
449. 42.186325, 93.979446
450. 40.807018, 89.635857
451. 39.025425, 87.431694
452. 37.258385, 82.368088
453. 38.284859, 84.656090
454. 36.241013, 75.919334
455. 36.716473, 78.431374
456. 36.487129, 76.463562
457. 37.390106, 73.563217
458. 38.159805, 73.059364
459. 36.943283, 67.940552
460. 36.737953, 68.595932
461. 36.501709, 65.040649
462. 36.331436, 60.778728
463. 36.356415, 61.302685
464. 36.030468, 58.128975
465. 62.614330, 54.145519
466. 33.101921, 47.197643
467. 33.769482, 50.433414
468. 36.484478, 48.484852
469. 38.055740, 47.832588
470. 40.835213, 47.093452
471. 42.850239, 48.706242
472. 43.898701, 48.374908
473. 41.971325, 48.817699
474. 41.922287, 49.155148
475. 43.059597, 49.844238
476. 44.056549, 49.960968
477. 43.900620, 49.155148
478. 43.914051, 50.196079
479. 44.375671, 49.155148
480. 44.182480, 51.529793
481. 43.931332, 49.268669
482. 44.256435, 49.155148
483. 44.685535, 48.156509
484. 44.853104, 48.265461
485. 45.472260, 49.497295
486. 46.125679, 49.497295
487. 46.372639, 48.048050
488. 45.952686, 48.374908
489. 45.935879, 49.844238
490. 46.479900, 48.595295
491. 47.340599, 52.159740
492. 46.894260, 50.433414
493. 45.971611, 49.268669
494. 46.464855, 50.196079
495. 47.331680, 51.405624
496. 46.953434, 52.674900
497. 47.061199, 52.674900
498. 47.398666, 54.008442
499. 46.940269, 55.555557
500. 47.054588, 54.982819
501. 47.131847, 53.872055
502. 47.539963, 56.737591
503. 47.741009, 57.193924
504. 47.968945, 57.041000
505. 47.984982, 57.813911
506. 48.222202, 58.287796
507. 47.966656, 57.657658
508. 47.989567, 58.608059
509. 48.021679, 61.657036
510. 48.417404, 59.925095
511. 48.408073, 61.835751
512. 48.373112, 62.561096
513. 47.841034, 58.931862
514. 46.411194, 59.095108
515. 43.443142, 55.846424
516. 40.727615, 50.314468
517. 38.687313, 48.929665
518. 36.450066, 46.477852
519. 33.800152, 44.168392
520. 32.690491, 39.506172
521. 30.595011, 35.914703
522. 46.708954, 32.520325
523. 27.160185, 29.836830
524. 26.439030, 25.921427
525. 226.082260, 57.041000
526. 24.456795, 21.505377
527. 222.231705, 17.558300
528. 226.899185, 12.403101
529. 26.683386, 12.403101
530. 213.404755, 12.403101
531. 26.420952, 4.941703
532. 210.102371, 4.941703
533. 26.464100, 4.941703
534. 26.635284, 4.941703
535. 223.120041, 4.941703
536. 26.040215, 4.941703
537. 214.360901, 4.941703
538. 26.224409, 4.941703
539. 218.748001, 4.941703
540. 27.268545, 4.941703
541. 38.647133, 4.941703
542. 27.373299, 4.941703
543. 30.668791, 4.941703
544. 31.410915, 4.941703
545. 31.277927, 4.941703
546. 30.681902, 4.941703
547. 28.889227, 4.941703
548. 28.128155, 4.941703
549. 26.960489, 4.941703
550. 40.484730, 4.941703
551. 25.722212, 4.941703
552. 24.884447, 4.941703
553. 224.465942, 4.941703
554. 227.053009, 4.941703
555. 26.247017, 4.941703
556. 216.252594, 4.941703
557. 26.737354, 4.941703
558. 225.220703, 4.941703
559. 26.480143, 4.941703
560. 215.141235, 4.941703
561. 25.898581, 4.941703
562. 216.532227, 4.941703
